181 128
137.688 160.419 0.906976 -0.314722

10 0 0 0 1 1 2 4 0 0 0 0 153 20 1 0 0 0 0 0 
189 37 0 0 0 0 0 0 49 5 0 0 13 1 1 1 2 0 0 1 
0 0 0 3 167 18 0 0 0 0 0 3 189 31 0 0 0 0 0 1 
78 4 0 0 7 2 1 1 0 0 1 2 0 0 0 6 155 9 1 0 
0 0 0 17 189 6 0 0 0 0 0 2 79 1 0 0 3 3 3 0 
0 0 1 2 2 2 0 0 101 27 2 0 0 0 0 1 189 94 0 0 
0 0 0 0 50 33 0 0 
101.665 136.78 0.916601 -0.0323252

0 0 0 13 140 119 0 0 0 0 3 16 118 140 1 0 0 5 29 9 
16 86 31 1 3 25 33 0 0 3 32 24 0 0 0 66 140 8 0 0 
0 0 1 89 140 31 0 0 0 0 37 68 35 29 12 0 0 0 79 32 
0 2 17 10 0 0 0 40 140 1 0 0 0 0 0 18 140 34 0 0 
0 0 16 35 80 64 0 0 0 0 40 35 13 25 21 0 0 0 0 18 
123 36 0 0 0 0 0 0 140 53 0 0 0 0 0 0 54 80 1 0 
0 0 0 0 7 34 39 3 
159.333 122.053 0.922998 -1.96686

17 38 9 0 0 0 4 20 21 23 54 16 1 0 10 48 20 33 128 128 
6 0 1 36 5 14 128 128 0 0 0 2 3 114 75 0 0 0 0 0 
4 90 67 30 35 1 0 0 0 3 61 128 128 29 4 0 45 34 66 80 
38 26 21 10 11 79 76 3 0 0 0 0 30 128 40 15 12 0 0 0 
12 17 17 25 88 62 57 11 16 3 0 0 11 82 128 23 20 67 7 1 
7 1 0 0 49 82 5 0 0 0 0 0 31 65 7 0 0 0 6 5 
20 29 6 0 4 15 31 4 
157.383 110.733 0.935094 1.87172

0 0 2 34 57 132 4 0 0 2 2 17 63 66 26 5 6 23 7 0 
4 11 65 52 3 39 28 2 6 24 26 8 4 0 0 1 56 132 12 0 
4 4 2 7 124 132 29 7 32 47 41 10 15 13 49 57 1 6 30 74 
67 47 24 7 2 0 0 48 132 39 1 2 0 2 2 36 132 32 0 0 
2 29 84 34 71 24 0 0 0 3 67 102 17 8 8 1 0 1 0 34 
132 26 0 0 0 0 0 11 132 96 2 0 0 0 1 10 53 109 8 0 
6 0 1 3 5 23 53 46 
97.6454 82.7168 0.942132 -2.40544

21 5 0 0 1 31 73 69 1 1 0 0 13 108 72 4 41 4 0 0 
5 17 11 24 108 0 0 0 0 0 0 34 64 108 9 4 8 20 13 27 
5 30 14 31 108 94 19 5 44 0 0 3 36 22 7 87 73 0 0 0 
0 0 0 103 55 54 6 1 11 7 4 61 56 21 8 13 64 108 65 104 
41 0 0 1 34 79 25 86 64 0 0 0 0 0 0 108 76 0 0 0 
3 3 10 108 74 3 2 57 103 24 9 71 14 0 0 13 51 18 8 107 
33 0 0 0 0 0 0 108 
97.6454 82.7168 0.942132 -1.57811

30 0 6 33 24 1 1 16 104 7 4 12 32 25 40 74 2 0 2 19 
111 87 18 3 11 0 0 0 13 11 1 10 29 1 0 8 8 14 111 83 
71 24 32 76 67 30 50 35 0 1 21 111 80 14 25 6 2 0 0 3 
12 7 39 55 3 2 54 82 19 12 111 95 0 0 15 107 111 49 64 16 
0 0 1 9 21 10 111 62 0 0 0 0 0 0 111 75 0 0 24 53 
7 13 68 1 0 0 5 22 8 7 111 18 0 0 0 0 0 0 111 50 
0 0 0 0 0 0 105 60 
54.7031 167.091 0.942587 0.0959028

0 0 0 0 11 14 0 0 0 0 0 12 95 13 1 0 0 0 0 41 
189 23 0 0 0 0 0 5 80 4 0 0 0 0 0 1 15 13 0 0 
0 0 0 11 170 15 0 0 0 0 0 38 189 17 0 0 0 0 0 8 
84 0 0 0 0 0 1 12 11 2 0 0 0 0 0 27 166 6 0 0 
0 0 0 18 189 14 0 0 0 0 0 2 84 2 0 0 0 0 0 4 
17 8 0 0 0 0 0 20 133 6 0 0 0 0 0 31 189 7 0 0 
0 0 0 4 63 1 0 0 
137.497 102.365 0.946337 -0.722826

99 1 0 0 0 3 11 32 14 0 0 1 1 8 49 74 1 0 0 80 
21 4 73 42 0 0 2 131 27 2 10 3 131 33 0 0 0 0 0 26 
71 27 0 7 32 1 4 59 5 1 0 131 131 3 3 10 0 0 1 131 
42 1 0 0 51 131 0 0 0 0 0 0 71 131 3 6 33 1 0 1 
5 14 2 17 131 50 0 0 0 0 0 7 84 35 2 0 30 72 0 0 
0 0 0 0 95 100 0 1 5 0 0 0 14 21 1 3 131 46 0 0 
0 0 0 0 83 52 1 0 
26.8659 80.1738 0.955034 2.5991

15 0 0 0 1 0 1 14 1 0 0 22 121 0 0 1 0 0 0 49 
179 0 0 0 0 0 0 6 54 0 0 0 14 0 0 9 5 0 0 6 
0 0 0 20 178 5 0 0 0 0 0 18 179 17 0 0 0 0 0 2 
57 3 0 0 7 0 0 3 14 4 0 3 0 0 0 19 168 4 0 0 
0 0 0 31 179 9 0 0 0 0 0 2 62 1 0 0 3 1 4 6 
11 1 0 0 0 0 0 78 140 1 0 0 0 0 0 120 179 0 0 0 
0 0 0 8 27 0 0 0 
119.184 104.83 0.967275 -0.682466

23 8 10 62 19 0 0 11 65 27 5 28 26 4 1 6 9 5 7 56 
145 22 2 3 43 77 35 14 15 5 12 63 17 11 32 48 16 0 0 1 
145 8 2 11 50 9 2 42 15 1 7 38 145 19 2 9 19 83 58 21 
52 1 0 8 33 25 60 9 0 0 0 0 145 56 5 8 52 1 0 10 
15 7 1 12 145 37 7 3 27 0 0 0 53 18 35 72 35 14 10 0 
0 5 10 6 142 56 1 2 16 1 0 2 16 11 0 4 123 65 35 20 
6 0 0 0 7 16 129 111 
187.339 139.677 0.971371 3.01255

22 105 4 1 12 38 2 0 11 26 0 0 51 58 0 0 0 0 0 5 
85 66 0 0 0 0 0 6 92 48 0 0 27 30 0 0 3 136 70 8 
43 27 0 1 55 54 39 19 0 0 1 78 136 28 0 0 0 1 3 67 
90 3 0 0 0 0 0 0 0 99 53 1 2 0 0 1 128 118 68 8 
0 2 3 52 136 42 0 0 2 14 12 42 86 2 0 0 0 0 0 0 
1 3 1 0 0 0 0 0 86 87 1 0 0 0 0 1 136 136 0 0 
0 3 12 26 81 60 0 0 
190.463 118.991 0.972366 1.41572

2 5 19 26 18 4 1 1 11 10 13 4 2 0 14 27 4 1 0 2 
4 7 45 33 21 2 1 4 5 3 4 12 3 2 5 11 11 91 136 27 
15 3 2 0 5 12 132 136 0 0 0 9 113 57 89 44 28 18 7 19 
58 5 1 0 0 0 0 0 5 136 136 11 0 0 0 12 87 49 136 80 
0 0 0 28 136 24 11 6 1 6 6 11 94 6 0 0 0 0 12 50 
33 37 24 0 0 0 0 64 136 22 7 0 0 0 0 70 136 15 0 0 
0 0 2 25 62 7 0 0 
190.463 118.991 0.972366 -2.81652

12 109 52 1 0 0 0 0 11 70 50 106 18 0 0 0 0 0 27 137 
52 0 0 0 7 32 44 137 9 0 0 0 10 137 64 0 0 0 0 0 
1 137 78 51 65 2 0 0 0 2 8 115 137 50 2 0 18 9 3 27 
30 21 9 19 4 122 62 0 0 0 0 0 0 137 120 16 11 0 0 0 
0 25 45 72 137 20 0 0 3 5 1 8 35 12 4 8 13 15 11 0 
0 0 4 8 10 55 20 0 0 9 28 11 3 25 20 19 20 7 4 1 
2 2 0 3 13 9 6 6 
114.535 129.787 0.972775 -2.41166

123 0 0 0 0 0 0 67 111 2 6 4 0 0 0 109 17 30 43 4 
0 0 0 41 13 38 56 0 0 0 0 11 123 0 0 0 0 0 0 123 
83 1 12 50 39 2 0 62 0 28 107 35 10 1 0 0 0 35 123 33 
0 0 0 0 123 5 0 1 2 1 0 115 29 2 2 23 109 24 2 23 
0 4 13 25 36 17 15 3 0 2 21 123 54 1 1 0 111 45 13 7 
0 0 0 4 7 11 42 107 24 1 0 0 0 0 75 123 9 2 1 0 
0 0 23 123 37 0 0 0 
52.4415 68.126 0.978778 3.04119

2 0 0 1 13 7 5 2 0 0 0 0 160 99 0 0 0 0 0 0 
160 122 0 0 0 0 0 0 10 8 0 0 2 1 1 2 6 2 7 4 
0 0 0 1 115 89 18 3 0 0 0 6 160 127 0 0 0 0 0 1 
48 7 0 0 15 2 0 0 0 0 6 25 1 0 0 7 160 17 16 11 
0 0 0 26 160 8 0 0 0 0 0 3 55 0 0 0 12 15 1 0 
0 0 0 5 3 6 1 67 139 0 0 0 0 0 0 100 160 0 0 0 
0 0 0 5 29 0 0 0 
67.6936 148.219 0.978947 -2.97429

0 0 0 15 98 1 0 0 0 0 0 1 137 30 0 0 0 0 0 0 
137 47 0 0 0 0 0 11 137 24 0 0 0 0 0 20 90 5 0 0 
0 0 0 3 137 56 0 0 0 0 0 11 137 38 0 0 0 0 0 20 
137 21 0 0 0 0 0 11 59 7 0 0 0 0 0 34 137 13 0 0 
0 0 0 37 137 15 0 0 0 0 0 1 133 72 1 0 0 0 2 14 
43 1 0 0 0 0 0 39 137 2 0 0 0 0 0 18 137 35 1 0 
0 0 0 0 75 68 0 0 
96.4388 107.013 0.979064 -0.968283

0 0 15 46 122 66 1 0 2 8 5 40 122 56 2 0 73 120 24 10 
10 22 3 4 15 41 48 65 63 63 1 0 0 0 93 122 82 2 0 0 
1 20 19 60 101 89 13 2 6 33 36 17 106 85 7 0 1 16 83 60 
18 1 0 0 0 10 53 122 39 0 0 0 2 110 67 55 16 4 0 0 
1 11 18 102 122 8 0 0 9 9 3 9 17 3 3 7 2 19 44 95 
3 0 0 0 6 64 41 28 2 0 0 0 0 8 18 81 39 0 0 0 
10 46 3 7 4 0 0 0 
39.2823 123.081 0.981453 -2.40175

0 0 0 0 14 108 35 0 0 0 0 1 99 109 4 0 0 0 0 7 
103 27 0 0 0 0 0 24 39 2 0 0 0 0 0 0 83 114 12 0 
0 0 0 11 139 46 0 0 0 0 0 11 139 24 0 0 0 0 0 15 
88 14 0 0 0 0 0 2 139 48 0 0 0 0 0 7 139 31 0 0 
0 0 0 12 117 20 0 0 0 0 0 6 119 21 0 0 0 0 0 0 
99 75 5 0 0 0 0 1 139 122 0 0 0 0 0 8 114 32 0 0 
0 0 0 3 81 17 0 0 
153.919 169.491 0.983704 0.890829

0 0 0 2 31 4 0 0 0 0 0 15 168 24 0 0 0 0 0 8 
168 9 0 0 0 0 0 0 1 0 0 0 0 0 0 4 43 5 0 0 
0 0 0 73 168 7 0 0 0 0 0 32 168 2 0 0 0 0 0 0 
1 0 0 0 0 0 0 0 46 7 0 0 0 0 0 7 168 65 0 0 
0 0 0 3 168 30 0 0 0 0 0 0 1 0 0 0 0 0 0 0 
20 6 0 0 0 0 0 0 168 113 0 0 0 0 0 0 135 121 0 0 
0 0 0 0 3 7 0 0 
131.427 78.9727 0.984569 -2.68114

50 9 0 0 1 0 0 21 59 8 1 30 88 18 3 19 0 0 0 49 
188 29 0 0 0 0 0 5 69 3 0 0 34 1 1 0 0 0 4 103 
22 3 6 20 121 56 8 39 0 0 0 28 188 68 0 0 0 0 0 4 
80 4 0 0 23 4 13 2 0 0 0 51 3 3 29 55 109 9 0 5 
0 0 0 72 188 14 0 0 0 0 0 10 76 0 0 0 5 3 13 17 
7 0 0 5 0 7 12 29 114 0 0 0 0 0 0 52 188 0 0 0 
0 0 0 7 44 0 0 0 
156.936 177.42 0.989494 1.38298

0 0 0 9 44 0 0 0 0 0 0 77 181 10 0 0 0 0 0 37 
123 3 0 0 0 0 0 0 1 0 0 0 0 0 0 3 66 1 0 0 
0 0 0 19 181 12 0 0 0 0 0 4 175 5 0 0 0 0 0 0 
1 0 0 0 0 0 0 6 65 1 0 0 0 0 0 35 181 8 0 0 
0 0 0 8 166 3 0 0 0 0 0 0 2 0 0 0 0 0 0 42 
57 0 0 0 0 0 0 156 181 0 0 0 0 0 0 27 70 0 0 0 
0 0 0 0 1 0 0 0 
201.173 97.2707 0.992964 -1.08262

0 0 0 0 7 153 16 0 0 0 0 0 16 153 42 0 0 0 0 1 
10 65 18 0 0 0 0 1 4 23 10 0 0 0 1 4 17 77 14 0 
0 0 0 44 153 153 24 0 0 1 27 51 88 48 9 0 0 0 17 9 
8 19 8 0 0 1 2 6 24 4 0 0 0 0 0 18 153 135 0 0 
0 0 13 15 114 125 0 0 0 0 18 5 1 13 0 0 0 0 0 0 
3 3 1 1 0 0 0 0 60 153 0 0 0 0 0 0 30 153 8 0 
0 0 0 0 0 106 11 0 
64.8133 66.4682 0.997978 2.88562

1 0 1 9 38 4 1 1 0 0 0 51 154 24 0 0 0 0 0 44 
142 7 0 0 0 0 0 1 2 0 0 0 1 0 0 12 71 18 2 1 
0 0 0 73 154 16 0 0 0 0 0 27 154 5 0 0 0 0 0 0 
1 0 0 0 3 1 0 11 80 14 1 0 0 0 0 10 154 129 2 0 
0 0 0 4 154 61 0 0 0 0 0 0 1 0 0 0 1 0 0 4 
14 12 20 7 0 0 0 0 154 135 15 4 0 0 0 0 154 94 0 0 
0 0 0 0 4 3 0 0 
171.023 97.0687 1.00314 1.00247

5 0 0 4 20 0 1 14 0 0 0 70 166 0 0 0 0 0 1 52 
140 4 1 0 36 2 3 5 3 1 2 25 5 3 0 3 45 0 0 2 
0 0 0 47 166 4 0 0 1 1 5 22 134 9 6 2 66 2 2 0 
0 3 6 37 3 0 0 0 38 5 0 3 0 0 0 3 166 60 0 0 
7 4 9 11 153 21 0 0 127 9 4 1 0 0 0 11 2 0 0 0 
16 9 1 2 0 0 0 0 166 71 0 0 12 0 0 1 166 37 0 0 
108 8 0 0 1 0 0 2 
99.2953 128.514 1.01281 -0.525775

14 53 107 30 2 0 0 0 7 21 96 52 71 34 0 0 4 7 3 6 
63 127 20 0 0 0 0 0 42 127 32 0 60 127 64 17 1 3 5 2 
43 28 47 21 7 10 33 54 17 9 3 14 100 44 2 16 0 0 0 1 
127 102 0 0 127 127 0 0 0 0 1 1 53 96 21 4 2 1 6 13 
0 2 28 36 48 14 1 3 0 0 1 13 90 50 0 0 64 127 6 0 
0 0 0 0 83 127 0 0 0 2 0 0 9 31 3 8 5 38 16 1 
0 0 0 8 17 47 54 2 
99.2953 128.514 1.01281 1.8192

0 0 2 1 0 46 126 1 0 0 1 0 0 85 126 0 0 0 0 0 
0 126 126 0 0 0 0 0 0 96 126 29 12 8 42 20 1 4 14 3 
18 10 9 1 3 12 35 30 5 2 4 24 37 59 63 12 28 2 3 6 
2 28 98 91 19 66 37 3 0 0 0 2 20 103 22 0 4 1 1 9 
16 33 34 12 36 41 29 27 53 43 18 2 1 5 20 118 0 73 97 0 
0 0 0 0 1 118 110 3 0 0 0 0 3 48 126 26 0 1 2 1 
47 126 66 2 0 0 1 2 
110.16 123.879 1.01848 3.03313

2 0 2 12 14 16 7 7 0 0 0 12 146 61 1 1 0 0 0 7 
146 52 0 0 23 16 0 0 35 9 0 0 0 2 1 17 59 45 12 2 
0 0 0 90 146 10 0 0 0 0 0 25 146 41 0 0 14 9 0 0 
61 19 0 0 0 23 32 34 78 8 0 0 0 0 0 23 146 102 0 0 
0 0 0 1 146 142 0 0 4 5 0 0 93 33 0 0 7 52 19 5 
8 2 0 2 1 5 1 2 106 52 0 0 0 0 0 0 146 47 0 0 
1 0 0 0 100 23 0 0 
163.454 125.648 1.02002 3.11962

0 11 77 23 9 8 0 0 0 13 20 5 118 139 0 0 0 0 5 15 
139 139 1 0 0 2 12 6 8 85 8 0 1 44 136 27 0 0 0 0 
15 127 50 15 121 15 0 0 0 4 18 52 139 33 0 0 14 31 69 24 
30 17 5 14 18 27 69 30 1 0 0 2 68 111 28 38 43 0 0 1 
0 6 8 50 139 95 23 0 20 4 4 3 22 66 73 65 32 10 3 2 
4 1 0 6 34 30 10 18 11 0 0 2 0 2 16 54 34 23 11 0 
2 1 23 29 14 27 21 4 
44.9409 167.017 1.03327 0.502711

0 0 0 11 53 1 0 0 0 0 0 7 179 4 0 0 0 0 0 1 
146 1 0 0 0 0 0 0 0 0 0 0 0 0 1 34 54 0 0 0 
0 0 0 33 179 8 0 0 0 0 0 10 167 3 0 0 0 0 0 0 
0 0 0 0 0 0 0 14 43 5 0 0 0 0 0 27 179 33 0 0 
0 0 0 7 164 11 0 0 0 0 0 0 0 0 0 0 0 0 0 57 
42 3 0 0 0 0 0 179 179 0 0 0 0 0 0 33 77 0 0 0 
0 0 0 0 0 0 0 0 
154.962 108.609 1.03779 1.49139

0 25 91 36 20 8 0 1 4 65 114 7 2 1 4 8 0 9 114 64 
12 4 3 0 0 0 27 114 31 0 0 0 4 4 12 7 35 53 40 31 
25 19 18 4 4 17 62 114 1 2 19 47 107 72 39 8 1 0 5 43 
61 9 5 13 2 2 1 1 47 114 99 9 21 34 78 42 42 40 10 27 
1 3 50 114 90 17 9 5 13 0 0 20 26 2 14 94 0 0 0 1 
114 114 9 0 0 0 6 9 82 114 18 0 4 0 4 16 14 55 48 18 
78 4 0 0 1 1 37 114 
154.962 108.609 1.03779 0.344697

0 0 2 39 91 57 0 0 0 0 0 10 90 89 24 2 23 20 0 0 
6 51 23 4 120 101 0 0 0 1 1 7 6 3 7 120 62 4 1 2 
43 10 3 22 33 40 64 70 5 3 1 6 78 120 56 14 87 55 2 0 
11 21 6 22 20 15 7 99 34 3 12 5 108 80 21 22 8 4 11 29 
5 11 15 57 114 40 54 11 9 1 0 0 14 14 61 89 4 0 0 8 
18 56 83 17 32 7 2 1 1 7 60 120 1 1 1 4 3 38 120 55 
0 0 0 0 0 19 120 62 
154.962 108.609 1.03779 1.09282

0 9 121 43 14 2 0 0 1 3 103 95 10 3 4 2 0 0 15 106 
91 21 4 0 7 0 4 22 27 8 2 20 19 5 73 37 5 24 8 22 
53 11 35 17 6 18 52 100 1 1 3 28 121 106 44 10 43 1 0 5 
48 15 3 33 13 1 0 1 11 54 121 43 52 30 49 43 14 45 29 47 
2 3 28 121 110 34 16 5 72 3 0 6 28 7 15 94 0 2 0 0 
6 85 121 10 0 0 4 6 32 121 42 0 0 0 2 11 13 92 97 4 
40 21 3 3 11 17 39 28 
136.029 113.355 1.04236 -1.70209

3 6 77 68 6 3 0 0 0 3 29 42 114 11 1 0 0 0 0 7 
165 24 0 0 56 67 2 9 43 0 0 0 6 92 33 14 4 6 0 0 
0 16 21 9 98 21 5 0 0 0 1 8 165 26 0 0 22 46 3 11 
99 2 0 0 43 112 31 2 0 0 0 0 4 39 88 31 46 2 0 0 
1 1 10 29 165 28 0 0 8 5 0 2 111 16 2 3 22 54 60 1 
0 0 0 6 47 33 53 6 7 8 3 39 19 3 1 1 165 110 6 17 
1 0 0 0 93 33 1 1 
96.0654 145.273 1.0461 -2.04467

0 0 0 4 20 95 44 3 0 0 1 18 48 120 51 0 0 0 3 13 
92 120 1 0 0 12 33 10 39 21 0 0 0 0 0 28 95 24 10 9 
0 0 3 120 120 20 1 0 0 0 28 120 100 33 0 0 0 1 5 9 
87 53 0 0 0 0 0 76 120 8 1 1 0 0 0 81 120 25 0 0 
0 8 28 47 120 27 0 0 2 24 13 5 20 36 0 0 2 0 0 8 
73 104 6 1 0 0 0 8 117 120 0 0 1 3 0 1 120 59 0 0 
28 15 1 1 14 10 2 10 
96.0654 145.273 1.0461 -2.53622

0 0 1 24 29 37 92 13 0 0 0 4 26 125 80 0 0 0 4 8 
28 125 16 0 0 5 11 3 5 48 11 0 0 0 0 1 44 61 110 11 
0 0 0 47 125 86 23 0 0 0 7 79 91 69 2 0 0 5 16 9 
7 55 24 0 6 0 0 1 90 65 8 9 0 0 0 13 125 125 0 0 
0 0 4 18 81 125 0 0 4 20 20 4 18 62 1 0 12 11 0 1 
66 42 3 4 0 0 0 3 95 125 35 0 0 0 0 0 29 125 52 0 
2 1 0 0 19 125 11 1 
80.3926 135.297 1.05175 1.75274

1 1 2 26 117 30 0 0 0 0 0 4 157 122 0 0 0 0 0 0 
67 92 8 0 0 0 0 0 11 43 19 0 7 1 0 25 157 26 2 5 
0 0 0 36 157 15 0 0 0 0 0 14 127 27 0 0 0 0 0 0 
26 45 1 0 4 0 0 53 157 4 1 3 0 0 0 19 157 21 0 0 
0 0 0 2 101 34 4 0 0 0 0 0 12 50 5 0 0 0 0 76 
110 0 0 0 0 0 0 38 157 8 0 0 1 2 6 20 80 6 1 1 
0 1 5 3 1 14 8 2 
61.6173 159.022 1.05352 -2.5284

127 0 0 0 0 0 0 127 23 0 0 103 101 0 0 20 12 0 0 127 
127 26 3 10 87 4 3 13 9 6 2 30 127 0 0 1 12 1 2 72 
17 0 0 76 127 19 2 6 4 0 0 34 97 39 36 25 23 1 8 39 
17 10 17 21 45 2 1 3 13 5 19 38 13 1 1 11 127 81 17 3 
0 0 0 43 87 53 62 27 0 1 6 95 67 4 7 1 13 1 0 1 
4 19 25 10 0 0 0 14 61 75 16 0 0 0 0 79 127 26 4 0 
0 4 9 74 59 0 0 0 
56.1358 169.546 1.05424 0.0842862

0 0 0 5 51 10 0 0 0 0 0 45 194 12 0 0 0 0 0 14 
131 3 0 0 0 0 0 0 0 0 0 0 0 0 0 9 77 9 0 0 
0 0 0 17 194 24 0 0 0 0 0 5 164 4 0 0 0 0 0 0 
0 0 0 0 0 0 0 21 74 4 0 0 0 0 0 29 194 15 0 0 
0 0 0 7 164 6 0 0 0 0 0 0 0 0 0 0 0 0 0 1 
71 17 0 0 0 0 0 20 194 5 0 0 0 0 0 8 116 0 0 0 
0 0 0 0 0 0 0 0 
50.8529 65.9653 1.06814 2.97876

0 0 0 0 75 63 1 0 0 0 0 0 171 171 0 0 0 0 0 0 
37 28 0 0 0 0 0 0 0 0 0 0 1 0 0 0 35 32 22 12 
0 0 0 1 171 120 5 0 0 0 0 0 147 15 0 0 0 0 0 0 
0 0 0 0 10 7 0 4 49 5 5 14 0 0 0 34 171 22 1 0 
0 0 0 9 165 6 0 0 0 0 0 0 0 0 0 0 8 12 2 29 
51 1 0 1 0 0 0 147 171 5 0 0 0 0 0 26 71 1 0 0 
0 0 0 0 0 0 0 0 
36.1093 162.116 1.07075 0.457807

1 0 0 1 58 7 0 0 0 0 0 2 186 54 0 0 0 0 0 0 
110 17 0 0 0 0 0 0 0 0 0 0 3 0 0 9 60 5 0 0 
0 0 0 41 186 33 0 0 0 0 0 14 169 8 0 0 0 0 0 0 
0 0 0 0 3 0 0 9 63 3 0 0 0 0 0 9 186 50 0 0 
0 0 0 3 172 17 0 0 0 0 0 0 0 0 0 0 0 0 0 8 
39 2 0 0 0 0 0 2 186 27 0 0 0 0 0 0 168 13 0 0 
0 0 0 0 0 0 0 0 
146.227 100.885 1.07625 -0.496257

147 60 1 8 24 0 0 0 19 11 1 36 147 10 0 0 0 0 0 4 
106 30 4 0 11 10 2 2 2 2 4 11 144 55 8 14 17 4 19 20 
14 17 9 67 147 17 0 0 0 0 0 5 139 43 2 0 1 18 6 4 
21 14 2 0 14 13 4 11 40 53 43 14 5 5 4 21 127 147 17 5 
0 0 0 1 41 147 52 0 0 0 0 0 6 68 83 2 8 3 0 15 
54 31 33 8 12 2 0 23 50 67 26 11 0 0 0 4 31 115 62 1 
0 0 0 1 27 67 50 0 
119.851 72.8688 1.07657 -3.0064

2 6 4 6 35 8 6 2 0 0 0 2 166 64 0 0 0 0 0 0 
95 16 0 0 0 0 0 0 0 0 0 0 0 0 0 1 31 56 22 2 
0 0 0 17 166 37 0 0 0 0 0 6 159 4 0 0 0 0 0 0 
0 0 0 0 0 0 0 9 102 47 16 3 0 0 0 14 166 25 0 0 
0 0 0 3 153 9 0 0 0 0 0 0 0 0 0 0 0 0 0 12 
104 28 1 0 0 0 0 5 166 151 3 0 0 0 0 0 63 166 5 0 
0 0 0 0 3 10 0 0 
92.9378 165.661 1.08316 3.1101

176 0 0 0 7 2 1 140 11 4 0 17 115 6 2 18 38 20 0 6 
22 5 0 10 2 1 0 3 61 30 0 0 176 7 0 1 22 2 0 80 
10 3 0 15 176 19 3 7 65 21 0 4 31 5 5 29 6 2 0 19 
70 15 2 2 176 46 0 0 9 4 1 4 10 1 0 2 56 92 53 12 
9 0 0 0 21 47 70 63 1 0 0 3 67 31 12 5 176 14 0 0 
0 0 0 24 25 5 2 4 8 18 15 8 1 0 0 15 39 23 18 9 
1 0 0 5 56 29 9 3 
86.925 136.158 1.0839 1.79157

46 123 26 0 0 0 0 0 13 68 38 9 26 3 0 0 0 2 7 29 
99 21 0 0 0 0 0 2 123 77 0 0 33 101 31 0 0 0 5 86 
85 76 29 0 13 6 7 102 12 3 0 21 123 23 2 8 0 0 0 25 
123 16 0 0 87 4 0 0 0 2 17 123 55 8 0 8 23 8 47 94 
10 1 0 46 123 6 2 6 0 0 0 25 123 4 0 0 123 13 0 0 
0 0 2 22 34 17 6 55 33 2 16 10 0 0 0 81 104 0 0 0 
0 0 0 20 123 3 0 0 
189.381 132.028 1.08502 2.67835

0 0 0 6 52 58 0 0 0 0 0 9 57 29 0 0 0 0 1 57 
73 9 0 0 0 1 37 89 7 0 0 0 0 0 0 0 37 138 3 0 
0 0 0 0 64 125 13 0 0 0 0 47 138 34 0 0 0 0 12 108 
66 0 0 0 0 0 0 10 89 86 2 0 0 0 0 13 138 57 1 0 
0 0 0 43 138 17 0 0 0 1 1 47 110 3 0 0 0 0 0 12 
138 72 4 1 0 8 10 21 115 29 0 0 0 0 1 5 138 97 0 0 
0 0 0 2 69 81 5 0 
31.3638 159.627 1.09366 0.54817

0 0 0 2 37 5 0 0 0 0 0 3 188 26 0 0 0 0 0 2 
151 10 0 0 0 0 0 0 0 0 0 0 1 0 0 4 50 4 0 0 
0 0 0 35 188 6 0 0 0 0 0 14 186 2 0 0 0 0 0 0 
0 0 0 0 3 0 0 7 55 4 0 0 0 0 0 37 188 33 0 0 
0 0 0 11 174 11 0 0 0 0 0 0 0 0 0 0 2 0 0 15 
53 0 0 0 0 0 0 63 188 2 0 0 0 0 0 20 106 0 0 0 
0 0 0 0 0 0 0 0 
164.396 110.444 1.09742 -1.02376

79 5 0 0 1 3 2 38 76 8 1 4 1 0 0 61 12 5 4 119 
55 12 1 8 0 0 30 116 25 9 2 2 68 76 6 2 1 1 0 13 
79 90 2 11 29 0 0 10 4 4 3 119 119 10 0 1 0 0 20 63 
30 3 1 0 45 28 2 0 0 1 12 43 77 86 3 2 18 3 12 55 
7 13 2 7 119 119 21 18 0 0 0 2 26 76 52 0 8 0 0 0 
0 1 111 106 7 1 0 5 1 2 98 119 1 0 2 22 36 119 45 51 
1 0 0 3 13 105 102 10 
24.0248 92.0731 1.09771 -1.04984

140 11 0 0 0 0 0 1 30 17 1 6 26 0 0 0 0 0 0 59 
112 0 0 0 0 0 18 89 24 0 0 0 140 17 0 0 0 0 3 9 
40 13 0 5 46 0 2 3 0 0 0 80 140 2 0 0 0 0 6 121 
68 0 0 0 140 44 0 0 0 1 5 9 15 3 0 1 35 10 11 9 
0 0 0 6 140 54 0 0 0 0 0 23 140 14 0 0 140 53 0 0 
0 0 2 5 14 4 0 0 11 15 14 16 0 0 0 0 140 107 2 0 
0 0 0 18 140 52 0 0 
165.76 85.9295 1.10754 2.46314

0 0 0 7 12 5 0 0 0 0 0 131 119 0 0 0 0 0 0 136 
136 0 0 0 0 0 0 13 6 0 0 0 0 1 16 5 30 24 1 0 
0 0 1 103 136 36 0 0 0 0 0 72 136 19 0 0 0 0 0 0 
1 0 0 0 0 45 136 3 10 4 0 0 0 34 60 9 136 136 0 0 
0 0 1 2 82 136 0 0 0 0 0 0 5 24 0 0 2 31 43 0 
0 0 1 0 1 62 55 3 10 20 0 0 0 13 13 8 93 136 0 0 
0 0 0 0 42 75 0 0 
145.905 123.354 1.10836 1.81846

68 0 0 0 13 7 4 127 73 4 1 1 2 18 37 126 5 3 2 24 
106 46 10 1 1 0 0 13 127 16 0 4 58 0 0 0 1 7 21 127 
70 1 0 1 18 20 16 72 3 0 0 10 127 60 6 3 9 0 0 15 
127 19 2 17 35 0 0 0 0 3 28 127 26 0 0 24 36 7 23 30 
2 0 0 82 127 14 0 1 10 0 0 15 120 25 11 65 13 4 0 0 
1 12 31 58 0 0 0 15 61 67 13 3 0 0 0 44 122 62 16 6 
8 0 0 7 21 11 23 127 
145.557 91.3755 1.11565 2.11494

0 1 42 41 7 25 55 30 1 0 4 4 2 100 126 50 0 0 0 0 
15 126 126 4 0 0 0 0 6 92 126 9 8 21 33 11 2 3 50 40 
73 50 21 7 20 16 61 60 11 3 1 16 126 103 32 10 0 1 4 4 
82 49 18 2 19 28 38 27 12 8 1 1 93 112 59 49 9 1 0 0 
7 13 78 126 76 8 0 0 1 5 41 57 68 10 0 0 15 57 53 6 
5 5 2 2 12 27 41 39 13 31 11 4 0 1 56 126 27 30 0 0 
0 12 70 32 3 4 1 0 
145.557 91.3755 1.11565 -0.760348

5 0 0 0 4 31 48 27 11 4 0 0 0 18 124 69 37 33 4 1 
3 17 62 57 4 13 7 9 53 45 12 5 81 4 0 1 1 4 14 45 
80 3 0 0 7 12 101 126 5 1 0 3 119 70 81 50 15 8 1 3 
29 30 28 13 79 104 37 0 0 1 1 9 126 86 40 14 14 1 2 41 
10 6 59 33 104 43 24 8 3 1 21 7 20 31 51 10 4 126 102 0 
0 0 0 0 13 126 100 3 0 0 0 0 4 43 126 22 2 3 20 5 
14 14 69 9 2 3 32 17 
126.224 115.46 1.11587 1.3964

0 0 0 2 26 51 45 0 0 0 0 0 42 127 22 0 2 0 0 0 
9 120 28 17 6 1 1 4 16 17 35 56 0 0 0 0 35 100 35 10 
0 0 0 2 30 75 127 55 3 1 1 7 103 127 75 9 8 4 11 41 
52 14 6 14 2 3 0 0 3 58 48 44 0 0 0 13 76 61 72 78 
0 0 0 37 127 127 8 0 0 0 1 13 79 62 2 0 5 5 0 0 
9 8 64 61 0 0 0 0 60 75 24 16 0 0 0 0 46 127 50 2 
0 0 0 0 11 127 106 0 
172.969 130.664 1.1162 -2.31199

0 1 9 0 0 0 0 0 0 0 5 9 141 2 0 0 0 0 1 61 
177 2 0 0 0 0 1 82 43 0 0 0 0 3 10 2 0 0 0 0 
1 2 3 4 159 11 0 0 0 0 0 29 177 27 0 0 0 0 0 43 
71 3 0 0 1 57 32 0 0 0 0 0 3 15 6 33 137 1 0 0 
0 0 0 35 177 17 0 0 0 0 0 1 88 21 0 0 25 97 19 0 
0 0 0 0 13 31 9 71 94 0 0 0 0 0 0 63 177 2 0 0 
0 0 0 1 70 8 0 0 
129.092 113.605 1.16253 2.2565

3 0 0 0 3 16 33 125 2 0 6 14 57 65 10 11 0 0 20 50 
77 30 0 0 0 0 22 95 37 2 0 0 5 0 0 0 29 19 14 50 
0 0 0 27 125 48 2 0 0 0 0 56 125 40 1 0 0 0 2 58 
125 4 0 0 0 0 0 0 18 92 60 4 0 0 0 15 68 125 49 0 
0 0 0 43 125 125 15 0 0 0 0 20 125 41 8 0 1 1 3 34 
37 38 13 1 0 0 4 125 122 28 8 0 0 0 16 125 94 16 0 0 
0 2 19 47 44 18 13 1 
129.092 113.605 1.16253 3.02296

0 0 0 1 17 47 72 3 0 0 0 30 23 15 61 5 0 1 8 49 
66 16 21 2 2 48 57 19 13 0 3 6 0 0 3 16 101 61 2 0 
0 0 7 120 86 21 0 0 0 0 42 120 43 1 0 0 0 16 55 82 
25 0 0 0 0 1 86 101 42 14 0 0 0 2 62 83 120 40 0 0 
0 0 41 120 93 4 0 0 0 3 57 120 6 0 0 0 0 3 120 120 
8 0 0 0 0 11 120 104 22 0 0 0 0 0 18 120 54 11 0 0 
1 1 23 69 9 4 0 1 
92.0944 71.7515 1.16489 -1.06407

24 47 24 2 20 26 3 7 2 0 0 7 108 126 2 1 0 0 8 24 
38 106 7 0 0 1 27 19 7 39 16 0 97 18 4 2 24 6 2 95 
5 0 2 54 126 59 3 7 0 0 12 31 37 104 15 0 0 0 0 1 
2 87 51 0 47 60 72 5 16 1 0 27 0 13 47 18 98 105 19 0 
0 1 16 13 15 99 105 0 1 0 4 11 11 41 37 4 0 126 126 0 
0 0 0 0 0 98 126 3 1 8 2 0 0 28 126 36 6 19 15 0 
0 2 43 81 16 11 3 0 
98.2027 109.329 1.16696 -2.3734

1 0 7 10 14 9 85 77 0 0 0 0 7 68 121 29 0 0 0 0 
2 18 86 21 5 0 0 1 0 0 41 36 47 23 34 20 5 9 81 121 
0 0 22 65 121 103 73 19 1 2 2 4 44 43 34 6 1 1 16 30 
4 7 10 5 30 23 45 30 6 39 78 33 0 0 31 58 26 23 111 56 
0 0 0 15 32 119 107 12 0 0 3 15 28 99 8 0 1 0 0 0 
2 58 121 23 0 0 0 3 50 121 121 19 0 0 0 59 98 67 10 3 
0 0 0 57 49 23 0 0 
98.2027 109.329 1.16696 -1.06422

1 2 1 11 124 117 13 2 47 53 7 9 19 61 65 55 7 14 8 17 
77 124 29 6 0 2 22 14 62 65 1 0 0 2 4 60 124 82 1 0 
20 92 50 18 58 72 3 0 3 32 97 124 96 28 0 0 0 0 1 25 
114 41 1 0 0 13 67 124 47 17 0 0 0 9 34 62 124 48 1 0 
3 5 22 39 53 8 1 2 0 0 0 3 44 64 2 0 0 29 69 74 
5 0 0 0 0 16 43 94 37 0 0 0 4 43 10 28 16 1 0 0 
2 18 2 1 14 20 3 1 
135.594 81.5756 1.19204 -2.65586

16 21 24 2 0 0 0 3 15 11 8 9 79 7 0 0 0 0 0 11 
197 27 0 0 0 0 0 1 80 5 0 0 27 31 17 0 0 0 0 4 
69 18 1 5 86 24 2 11 0 0 0 15 197 50 0 0 0 0 0 3 
110 3 0 0 30 3 2 0 0 0 0 57 64 1 0 15 104 16 3 55 
0 0 0 49 197 24 0 0 0 0 0 7 102 1 0 0 31 1 1 0 
0 0 0 71 12 3 8 29 88 11 2 30 0 0 0 44 197 17 0 0 
0 0 0 6 71 0 0 0 
154.263 88.3169 1.19846 -2.9713

9 11 5 1 3 13 5 2 12 7 3 19 26 29 10 3 5 7 8 181 
181 2 0 0 0 0 0 64 105 0 0 0 9 12 15 14 2 1 4 3 
2 43 22 14 101 25 0 0 0 1 1 60 181 28 0 0 0 0 0 15 
87 1 0 0 14 13 10 12 12 31 3 4 0 56 26 25 70 49 1 0 
0 6 6 33 181 11 0 0 0 0 0 0 97 2 0 0 30 11 0 0 
1 19 9 40 1 1 1 9 86 99 9 6 0 0 0 22 181 12 0 0 
0 0 0 1 76 2 0 0 
180.509 135.805 1.20374 -2.49069

0 0 0 4 9 0 0 0 0 0 0 105 100 1 0 0 0 0 30 148 
33 0 0 0 0 0 42 65 1 0 0 0 0 0 0 3 31 3 0 0 
0 0 0 82 148 8 0 0 0 0 31 126 87 1 0 0 0 0 55 148 
5 0 0 0 0 0 2 0 24 6 0 0 0 0 0 7 148 63 0 0 
0 0 3 93 148 16 0 0 0 0 7 117 64 0 0 0 0 0 8 3 
6 0 0 0 0 0 1 3 148 54 0 0 0 0 0 38 148 40 0 0 
0 0 0 29 65 1 0 0 
20.4446 151.105 1.21782 0.815797

1 0 0 0 43 7 0 0 0 0 0 0 192 28 0 0 0 0 0 0 
135 10 0 0 0 0 0 0 0 0 0 0 2 0 0 1 60 6 0 1 
0 0 0 19 192 4 0 0 0 0 0 7 181 1 0 0 0 0 0 0 
0 0 0 0 2 0 0 3 67 3 0 0 0 0 0 8 192 2 0 0 
0 0 0 2 176 1 0 0 0 0 0 0 0 0 0 0 0 0 0 7 
51 0 0 0 0 0 0 34 192 0 0 0 0 0 0 9 125 0 0 0 
0 0 0 0 0 0 0 0 
19.5339 83.9256 1.22471 2.25214

2 0 0 0 57 28 0 0 0 0 0 1 190 105 0 0 0 0 0 0 
107 24 0 0 0 0 0 0 0 0 0 0 4 4 5 11 63 5 0 0 
0 0 0 27 190 12 0 0 0 0 0 9 177 3 0 0 0 0 0 0 
1 0 0 0 4 1 5 16 54 0 0 0 0 0 0 23 190 11 0 0 
0 0 0 5 172 5 0 0 0 0 0 0 1 0 0 0 1 0 0 15 
54 0 0 0 0 0 0 47 190 0 0 0 0 0 0 12 116 0 0 0 
0 0 0 0 0 0 0 0 
96.3294 149.234 1.25279 -2.36988

0 0 2 89 66 0 0 0 0 0 6 123 112 10 1 0 0 0 33 92 
40 22 1 0 0 2 71 26 4 2 0 0 0 0 0 40 64 58 33 1 
0 0 0 30 59 123 117 0 0 0 2 16 79 123 27 0 0 2 25 14 
49 84 0 0 22 2 0 4 14 27 38 22 0 0 0 7 123 93 51 4 
0 0 0 66 123 66 3 0 0 1 5 35 60 56 2 0 71 15 0 2 
18 6 2 15 4 1 0 3 123 51 2 4 0 0 0 5 123 123 3 0 
2 4 5 6 54 79 0 0 
96.3294 149.234 1.25279 -1.43845

1 1 19 48 10 8 5 6 0 1 50 58 58 23 1 0 0 3 126 76 
12 4 0 0 0 68 126 22 0 0 0 0 1 0 3 27 18 18 34 31 
0 0 9 68 126 82 3 0 0 0 42 77 126 43 0 0 0 49 85 34 
18 0 0 0 0 0 19 126 26 2 3 4 0 0 74 126 32 2 0 0 
0 0 54 126 126 3 0 0 5 51 20 43 45 0 0 0 0 0 3 92 
126 7 0 0 0 2 27 126 67 0 0 0 2 7 43 64 41 0 0 0 
14 15 3 22 36 1 0 1 
113.324 135.37 1.25574 0.407176

43 10 0 0 10 16 10 93 3 1 0 12 154 81 7 6 0 0 0 42 
154 11 0 0 0 0 0 11 73 8 0 0 52 33 2 3 22 1 11 27 
10 6 0 37 154 10 0 3 0 0 0 17 154 37 0 0 0 0 0 2 
55 48 10 2 7 0 0 9 41 14 72 35 2 0 0 28 154 24 2 4 
0 0 0 17 154 17 0 0 2 0 0 5 22 24 21 15 0 0 0 55 
92 9 10 0 0 0 0 92 154 4 0 0 0 0 0 17 134 24 7 3 
2 0 0 1 5 4 17 51 
150.987 141.908 1.25584 3.07441

0 0 15 79 6 0 0 0 0 0 15 140 23 0 0 0 0 0 1 140 
110 3 0 0 7 6 22 91 49 5 3 9 11 2 2 24 43 13 2 3 
0 0 12 140 140 17 0 0 5 7 34 128 94 31 9 5 6 1 0 10 
24 41 89 50 20 32 7 24 41 5 0 0 1 1 4 69 140 20 0 1 
65 6 9 11 84 7 6 60 18 0 0 0 0 2 78 93 12 13 9 47 
31 0 0 0 2 0 1 79 140 3 0 5 88 0 0 4 39 3 1 75 
44 1 0 2 2 0 7 44 
31.5375 114.478 1.25727 -1.72644

0 0 0 0 50 64 4 0 0 0 0 20 121 46 5 0 0 0 0 97 
138 2 0 0 0 0 0 65 31 0 0 0 0 0 0 2 71 44 0 0 
0 0 0 62 138 22 0 0 0 0 0 73 138 24 0 0 0 0 0 31 
66 10 0 0 0 0 0 0 98 34 0 0 0 0 0 8 138 83 0 0 
0 0 0 2 138 100 0 0 0 0 0 1 91 45 0 0 0 0 0 4 
79 8 0 0 0 0 0 1 138 51 0 0 0 0 0 0 138 87 0 0 
0 0 0 0 95 33 0 0 
94.0499 110.271 1.27766 -0.915198

7 0 0 0 27 58 60 100 0 0 0 2 107 125 17 2 0 7 6 3 
10 73 93 17 11 46 18 0 2 43 21 2 0 0 1 18 119 68 50 30 
3 4 2 32 125 70 7 2 47 40 7 12 26 74 56 36 4 6 6 13 
78 125 12 2 0 0 29 125 125 11 3 0 1 5 19 80 125 42 0 0 
19 57 50 26 48 31 0 0 1 8 39 67 76 16 0 0 0 2 36 125 
62 0 0 0 0 31 60 56 17 5 0 0 1 4 15 55 57 5 0 0 
1 2 6 8 18 11 1 1 
89.0384 92.2143 1.28336 -1.33514

59 5 1 6 7 1 3 129 72 80 22 32 12 1 0 14 4 10 82 129 
44 3 0 0 0 0 18 129 39 0 0 0 31 10 14 129 29 1 3 72 
129 98 20 61 49 19 1 2 15 10 15 94 129 73 0 0 0 0 6 57 
47 3 0 0 12 17 30 129 6 0 0 1 68 129 62 32 12 1 0 0 
6 38 58 92 129 9 0 0 0 0 0 12 64 8 5 0 0 3 5 17 
15 5 0 0 0 22 40 7 3 3 2 0 3 7 43 39 19 2 3 7 
7 0 0 6 18 19 26 24 
89.0384 92.2143 1.28336 2.15546

15 19 7 1 0 0 0 5 27 8 12 11 0 6 24 49 2 5 2 1 
0 36 41 13 8 14 9 0 0 3 3 4 27 0 0 0 0 0 3 46 
121 0 0 0 10 26 31 121 9 0 0 2 105 121 46 35 6 0 0 0 
17 19 36 34 26 0 0 0 0 0 107 114 121 5 1 9 40 9 60 121 
20 2 1 23 121 37 41 64 1 0 3 32 19 10 110 119 37 0 0 0 
0 5 111 121 6 0 0 10 65 35 98 52 6 2 19 61 60 24 15 37 
2 1 52 121 4 0 7 22 
148.155 153.141 1.28633 2.40219

0 0 2 15 45 0 0 0 0 4 6 26 113 1 0 0 3 31 25 7 
14 39 5 1 0 3 5 5 109 152 1 0 0 0 1 47 54 0 0 0 
0 3 24 84 152 3 0 0 7 60 71 18 12 1 0 0 2 19 14 20 
91 40 0 0 0 12 65 58 47 0 0 0 0 2 17 40 152 25 0 0 
16 35 16 7 38 12 1 2 2 13 32 83 37 1 0 0 0 152 152 17 
2 0 0 0 4 152 152 22 37 4 0 0 3 32 7 4 26 14 8 2 
0 0 2 23 50 40 1 0 
229.659 107.026 1.28815 1.25787

0 0 3 80 29 0 0 0 0 0 0 152 124 1 1 0 0 0 0 141 
74 6 1 0 0 2 12 44 27 8 1 0 0 0 0 152 108 0 0 0 
13 1 1 152 103 5 6 11 0 0 0 14 152 21 5 3 0 4 6 12 
57 25 0 0 14 3 2 152 125 0 0 0 51 11 10 57 22 0 0 6 
1 0 3 25 130 18 0 0 0 0 0 3 64 28 1 0 16 10 2 98 
62 0 0 0 16 15 22 21 2 0 0 0 0 0 5 44 37 3 0 0 
0 0 0 2 39 17 2 1 
229.659 107.026 1.28815 1.25787

0 0 3 80 29 0 0 0 0 0 0 152 124 1 1 0 0 0 0 141 
74 6 1 0 0 2 12 44 27 8 1 0 0 0 0 152 108 0 0 0 
13 1 1 152 103 5 6 11 0 0 0 14 152 21 5 3 0 4 6 12 
57 25 0 0 14 3 2 152 125 0 0 0 51 11 10 57 22 0 0 6 
1 0 3 25 130 18 0 0 0 0 0 3 64 28 1 0 16 10 2 98 
62 0 0 0 16 15 22 21 2 0 0 0 0 0 5 44 37 3 0 0 
0 0 0 2 39 17 2 1 
208.765 108.833 1.29594 2.27438

21 5 1 7 51 2 0 15 0 0 0 32 135 54 0 0 0 0 0 10 
135 135 12 0 2 1 1 4 13 42 37 13 3 32 40 17 29 5 0 1 
0 4 20 20 104 134 5 0 0 0 1 39 135 135 4 0 5 26 29 61 
67 18 7 3 0 6 21 19 31 21 7 0 0 9 46 82 45 10 0 0 
0 0 7 100 135 47 1 0 5 8 7 22 81 63 31 8 0 0 0 21 
67 21 6 0 0 0 9 78 59 49 11 0 0 0 3 123 126 42 1 0 
0 0 24 45 28 31 9 1 
96.6037 113.282 1.30483 -0.313576

0 0 7 121 117 19 13 0 0 0 3 64 121 56 16 1 23 25 7 8 
34 79 20 0 121 121 1 0 1 3 0 7 6 5 44 121 77 1 0 0 
72 13 12 49 57 43 36 39 13 4 1 9 121 114 33 12 106 76 1 0 
14 7 1 14 10 24 32 76 50 2 0 0 53 82 74 56 32 2 0 7 
4 11 39 121 121 5 0 1 29 96 17 14 21 1 0 2 9 8 38 42 
1 0 0 1 2 9 24 34 22 1 1 1 0 1 11 64 38 4 0 0 
8 29 3 4 27 12 0 0 
48.8598 166.338 1.31812 0.29874

5 0 0 7 20 2 0 1 0 0 0 5 157 58 0 0 0 0 0 0 
157 76 0 0 0 0 0 0 7 2 0 0 2 0 0 20 23 1 0 0 
0 0 0 14 157 53 0 0 0 0 0 9 157 109 0 0 0 0 0 0 
26 6 0 0 0 0 0 4 25 5 0 0 0 0 0 69 157 8 0 0 
0 0 0 121 157 8 0 0 0 0 0 7 27 0 0 0 0 0 0 13 
16 0 0 0 0 0 0 89 157 0 0 0 0 0 0 85 157 0 0 0 
0 0 0 3 6 0 0 0 
103.407 71.162 1.32097 -2.80975

102 18 0 1 4 1 0 4 12 0 0 30 107 9 1 3 0 0 0 17 
128 40 0 0 0 0 0 0 128 42 0 0 128 11 0 4 13 0 0 5 
17 1 0 42 128 10 0 0 0 0 1 45 128 11 0 0 0 0 0 35 
128 5 0 0 128 3 1 1 8 1 0 24 11 2 1 3 101 72 10 3 
0 0 0 13 128 77 11 0 0 0 0 25 128 3 0 0 65 3 1 0 
1 1 1 34 46 1 0 0 29 74 34 35 0 0 0 21 128 71 11 0 
0 0 0 18 128 0 0 0 
139.228 105.072 1.32241 -1.21141

31 39 1 0 0 0 5 54 12 27 11 49 69 4 10 26 1 0 1 126 
122 0 0 1 77 17 1 11 8 0 0 5 46 7 0 0 4 1 12 126 
11 0 0 47 126 37 17 45 2 0 0 51 126 21 1 2 31 18 8 1 
2 1 1 6 84 118 16 0 3 1 0 12 14 51 25 6 126 126 0 3 
0 0 0 2 76 126 9 0 1 2 5 1 3 37 12 1 11 126 43 0 
0 0 0 1 3 126 52 2 12 24 0 0 1 30 11 4 48 126 3 0 
0 0 0 0 9 84 54 2 
139.228 105.072 1.32241 -0.776773

21 0 0 0 0 0 55 81 20 9 0 14 11 4 76 53 9 15 30 129 
21 2 7 6 4 1 36 129 1 0 0 3 119 15 0 0 4 0 17 64 
9 3 0 129 129 8 33 41 0 0 1 129 81 3 3 1 20 0 3 41 
4 0 3 27 85 129 1 2 5 0 0 3 19 48 4 32 129 48 0 1 
0 0 0 23 129 61 2 1 17 16 6 1 2 3 1 10 61 93 0 0 
0 0 6 8 39 61 5 6 111 35 0 2 0 0 0 1 123 88 3 0 
0 3 4 0 8 21 15 0 
165.654 102.182 1.32986 0.92482

7 1 1 43 136 2 1 4 80 2 1 4 14 5 2 44 8 0 6 59 
109 11 2 9 0 0 40 75 19 0 0 0 17 4 1 9 136 13 2 7 
136 6 0 2 28 11 3 46 12 0 1 25 136 38 1 8 1 0 20 39 
73 20 2 1 27 7 1 3 136 63 0 0 136 39 2 8 37 3 0 4 
13 6 1 23 136 47 4 1 0 0 0 0 47 55 62 8 12 1 0 4 
136 85 1 1 70 35 34 29 17 8 1 2 4 12 90 90 66 24 5 0 
3 44 44 6 6 11 50 9 
27.4496 76.8308 1.33194 2.56349

17 3 0 0 29 2 0 4 0 0 0 2 186 6 0 0 0 0 0 1 
153 3 0 0 0 0 0 0 0 0 0 0 25 0 0 5 43 1 0 11 
0 0 0 28 186 4 0 0 0 0 0 8 180 1 0 0 0 0 0 0 
0 0 0 0 18 0 0 7 49 1 0 4 0 0 0 13 186 22 0 0 
0 0 0 3 179 10 0 0 0 0 0 0 0 0 0 0 7 1 1 18 
42 1 0 1 0 0 0 102 186 1 0 0 0 0 0 25 108 0 0 0 
0 0 0 0 0 0 0 0 
42.4026 71.0505 1.34083 2.7643

17 6 0 0 0 0 2 6 6 9 2 13 152 23 1 2 0 0 0 17 
176 40 0 0 0 0 0 0 20 2 0 0 14 4 0 0 0 6 12 7 
2 4 1 8 146 41 6 8 0 0 0 13 176 91 0 0 0 0 0 0 
37 6 0 0 40 5 0 0 0 1 9 7 0 0 0 21 159 10 9 8 
0 0 0 70 176 11 0 0 0 0 0 5 39 0 0 0 49 2 0 0 
1 0 1 5 1 0 0 42 176 2 1 0 0 0 0 77 176 0 0 0 
0 0 0 3 16 0 0 0 
69.5045 64.4969 1.35072 2.695

66 17 4 6 10 27 12 10 13 8 6 48 152 104 0 1 0 0 0 7 
148 35 0 0 0 0 0 0 0 0 0 0 5 8 8 18 45 33 5 0 
1 3 5 139 152 15 0 0 0 0 0 43 152 4 0 0 0 0 0 0 
0 0 0 0 11 6 6 4 47 13 2 4 0 0 0 11 152 80 0 0 
0 0 0 4 152 29 0 0 0 0 0 0 0 0 0 0 29 13 0 0 
26 14 1 3 0 0 0 0 152 121 1 0 0 0 0 0 133 101 0 0 
0 0 0 0 2 2 0 0 
117.326 166.578 1.35545 -0.221571

0 0 0 1 32 5 0 1 0 0 1 87 111 1 0 0 0 0 0 120 
156 0 0 0 0 0 0 5 18 0 0 0 0 0 0 10 53 2 0 0 
0 0 0 156 156 6 0 0 0 0 0 156 134 1 0 0 0 0 0 3 
5 0 0 0 0 0 0 17 43 3 0 0 0 0 0 18 156 56 0 0 
0 0 0 14 154 21 0 0 0 0 0 0 0 0 0 0 0 2 2 7 
18 2 0 0 0 0 0 0 156 47 0 0 0 0 0 0 156 26 0 0 
0 0 0 0 1 0 0 0 
202.03 96.8565 1.36921 -0.869173

0 0 1 1 59 106 0 0 0 0 0 1 111 152 0 0 0 0 0 4 
33 75 0 0 5 6 7 4 4 9 3 3 0 1 5 7 26 19 0 0 
0 0 0 85 152 108 0 0 0 0 19 54 101 54 0 0 4 3 7 4 
5 18 7 7 0 1 1 2 23 7 2 0 0 0 0 17 152 152 0 0 
0 0 12 12 108 146 0 0 1 4 14 9 4 8 0 0 0 0 0 2 
5 2 0 0 0 0 0 0 59 147 0 0 0 0 0 0 64 152 3 0 
1 0 0 0 5 96 13 1 
129.098 124.591 1.37119 -2.60955

2 2 17 9 6 4 11 6 0 0 8 47 47 16 1 0 0 0 15 63 
57 99 6 0 0 0 1 5 30 140 13 0 4 0 0 0 23 31 43 31 
0 0 1 27 140 39 4 1 10 13 9 33 48 11 32 16 0 2 2 21 
62 78 26 2 10 3 24 32 37 20 9 25 0 0 22 116 140 33 0 0 
3 33 90 50 41 1 0 1 0 10 33 69 60 1 0 0 1 3 107 140 
5 0 0 0 0 0 140 140 21 0 0 0 0 69 140 58 2 0 0 0 
0 72 69 55 22 0 0 0 
90.1344 122.37 1.37678 2.95177

3 0 6 11 39 33 30 3 0 0 0 3 144 124 4 0 15 7 1 11 
82 47 0 0 73 46 13 6 5 1 0 7 11 0 0 0 33 58 59 28 
0 0 0 23 144 125 9 0 2 4 0 22 144 57 2 0 51 39 7 0 
5 9 5 20 5 6 32 67 41 8 4 8 0 0 4 139 144 22 0 0 
0 0 0 16 144 38 11 3 38 3 1 0 1 7 16 57 0 1 64 144 
2 0 0 0 0 0 40 144 32 0 0 0 1 7 16 34 23 3 3 2 
9 12 17 2 0 0 3 8 
148.666 164.331 1.38087 0.69988

0 0 0 0 7 10 37 10 0 0 0 105 165 9 7 1 0 0 22 165 
82 0 0 0 0 0 12 31 0 0 0 0 0 0 0 1 33 19 22 1 
0 0 0 85 165 19 2 0 0 0 0 48 136 3 0 0 0 0 0 0 
0 0 0 0 0 0 0 0 46 15 11 1 0 0 0 8 165 117 0 0 
0 0 0 3 146 39 0 0 0 0 0 0 0 0 0 0 0 0 0 0 
21 7 0 0 0 0 0 0 165 71 0 0 0 0 0 0 165 38 0 0 
0 0 0 0 1 0 0 0 
201.37 119.839 1.41535 2.85027

0 0 2 3 12 32 14 1 0 0 2 15 17 38 18 3 0 0 16 42 
69 56 4 0 0 2 60 88 27 1 0 0 0 0 0 0 24 122 41 1 
35 3 0 0 43 59 25 33 5 0 0 17 142 79 10 7 0 0 15 60 
142 28 0 0 0 2 10 53 86 49 6 0 59 25 5 35 93 18 1 4 
9 7 5 101 142 7 0 0 0 3 44 95 114 15 0 0 0 2 37 138 
18 0 0 0 7 47 56 68 23 0 0 0 1 5 19 101 142 25 0 0 
5 8 19 33 91 40 5 2 
113.874 125.574 1.46019 3.08197

46 27 17 17 0 0 0 0 1 2 14 138 100 0 0 0 0 0 1 146 
148 2 0 0 1 8 29 48 23 0 0 0 32 45 15 32 8 4 0 0 
0 0 6 70 136 22 0 0 0 0 0 21 148 38 0 0 13 7 2 7 
69 5 0 0 68 91 3 2 6 11 1 0 2 6 4 29 148 29 0 0 
0 0 0 31 148 24 0 0 8 9 0 1 88 10 0 0 49 102 10 1 
0 0 0 0 3 28 19 23 85 10 0 0 0 0 0 3 148 59 0 0 
3 3 0 0 87 19 0 0 
128.498 153.783 1.46369 3.1333

151 0 0 1 1 0 0 151 24 0 0 51 75 0 0 12 0 0 0 50 
65 12 25 9 2 0 1 6 8 32 54 12 151 1 0 4 6 0 0 111 
11 1 0 33 109 17 1 4 29 0 0 8 38 15 29 54 4 6 10 25 
43 22 33 12 151 1 1 0 2 2 1 58 4 1 1 0 29 57 25 11 
26 0 0 6 38 38 43 22 2 1 10 62 151 2 0 1 151 0 0 0 
0 1 6 48 2 0 0 2 6 10 27 48 0 0 0 46 87 24 20 3 
0 0 0 112 137 1 0 0 
128.933 149.871 1.48097 2.97524

21 0 0 38 103 1 0 3 0 0 0 48 98 18 33 10 20 1 1 11 
10 33 96 39 126 16 4 0 0 1 13 109 17 2 0 24 126 11 1 2 
36 0 0 5 59 21 45 69 10 9 17 26 72 33 65 27 51 86 126 17 
5 0 4 16 13 2 1 2 49 58 13 2 53 3 0 1 32 47 55 30 
10 2 8 44 126 23 4 4 0 19 119 89 73 1 0 0 15 1 0 0 
0 9 19 36 1 0 0 8 55 38 58 22 0 0 0 84 126 16 4 0 
0 1 22 113 126 0 0 0 
134.628 77.3523 1.48108 -2.67391

14 25 9 1 25 3 0 0 2 1 0 1 183 29 0 0 0 0 0 0 
149 8 0 0 0 0 0 0 1 0 0 0 51 9 0 0 26 5 0 33 
8 0 0 13 183 27 0 4 0 0 0 4 183 4 0 0 0 0 0 0 
2 0 0 0 30 1 1 10 32 4 1 60 1 0 0 40 183 16 0 4 
0 0 0 11 183 1 0 0 0 0 0 0 2 0 0 0 7 1 5 28 
33 1 0 9 0 0 0 79 183 0 0 0 0 0 0 19 115 0 0 0 
0 0 0 0 0 0 0 0 
82.049 91.6965 1.49052 1.29929

6 10 35 25 0 0 1 3 23 6 12 5 2 15 21 35 0 0 13 15 
53 60 18 8 0 0 33 16 11 1 0 0 15 2 1 0 0 24 95 45 
112 1 0 0 19 34 38 145 11 0 0 5 145 104 17 28 0 0 12 15 
64 5 0 0 78 79 0 0 0 75 80 36 86 4 0 12 47 65 55 73 
13 1 0 57 145 13 1 6 0 0 3 22 83 0 0 0 145 70 0 0 
0 7 10 81 26 3 0 3 69 95 56 40 0 0 0 13 145 46 1 0 
0 0 0 6 62 10 0 0 
141.33 100.059 1.52771 -0.591347

128 15 0 0 0 0 1 27 115 29 1 16 21 1 16 58 2 1 4 128 
103 5 18 7 1 0 26 128 8 0 0 5 102 48 0 0 0 9 20 11 
128 126 4 19 55 0 0 2 5 9 2 64 128 21 0 0 8 6 1 15 
36 11 1 7 20 4 0 0 0 18 115 38 94 34 2 8 27 10 50 42 
6 6 2 13 128 72 2 0 0 3 1 0 35 59 20 0 43 10 1 0 
4 7 65 68 2 0 0 2 36 66 57 16 0 0 0 0 27 128 15 0 
0 0 0 0 5 101 46 0 
163.393 121.838 1.5296 3.11454

0 0 13 12 63 147 6 0 0 0 0 1 90 147 9 0 0 0 0 0 
10 118 24 0 12 5 0 0 0 24 26 7 0 35 138 40 67 26 0 0 
0 7 15 58 147 88 1 1 22 5 8 24 51 61 44 41 4 0 0 1 
0 25 147 37 14 73 72 22 12 0 0 0 2 19 17 56 147 70 15 3 
31 5 17 18 28 44 42 75 9 2 49 37 0 1 34 20 14 12 11 18 
6 4 2 7 0 3 22 121 27 11 1 0 0 0 68 72 8 7 3 1 
0 0 54 55 0 0 0 0 
149.677 145.732 1.5599 2.96646

0 0 4 76 9 0 0 0 0 0 4 137 34 1 0 0 0 0 1 138 
123 1 0 0 3 1 4 103 111 17 15 10 0 7 21 124 10 0 0 0 
4 17 8 41 114 21 0 0 5 0 2 104 138 29 0 3 24 0 2 23 
35 18 47 69 11 29 27 81 14 0 0 0 13 51 19 50 81 2 0 0 
15 0 1 51 138 17 1 12 106 0 0 0 21 4 4 80 10 12 13 22 
12 1 0 0 6 13 52 95 26 0 0 0 15 0 6 78 113 8 1 12 
83 0 0 0 5 2 2 48 
204.888 106.084 1.56146 2.26806

0 0 0 18 137 25 0 0 0 0 0 10 109 77 7 0 19 39 0 1 
4 13 22 19 137 137 0 0 0 0 4 32 0 0 7 14 90 66 0 0 
0 0 3 26 137 89 2 0 24 47 12 19 24 9 9 14 137 137 0 0 
0 0 3 66 0 0 11 67 52 5 0 0 0 0 1 64 137 29 1 0 
14 19 8 12 30 23 14 10 104 137 1 0 0 0 0 5 0 0 0 22 
46 68 13 0 0 0 0 38 95 77 0 0 7 4 9 14 18 31 3 6 
65 20 5 0 0 0 0 32 
201.35 111.629 1.60576 2.82375

0 0 9 46 29 4 0 0 0 5 56 86 25 0 0 0 0 1 12 127 
119 3 0 0 19 10 12 29 20 10 10 7 0 0 3 24 102 74 10 2 
0 0 44 127 114 10 0 0 1 4 26 127 72 13 4 1 93 11 3 4 
6 7 9 23 6 2 0 21 127 39 6 5 0 0 8 83 127 21 0 0 
6 9 18 25 49 16 7 17 79 8 1 0 0 0 11 74 1 6 13 74 
127 3 0 0 1 4 21 103 127 17 0 0 26 39 13 10 7 3 4 17 
94 49 0 0 0 0 10 105 
201.35 111.629 1.60576 1.96489

0 0 1 7 57 129 10 0 0 4 5 12 131 104 7 1 21 78 16 4 
6 10 7 8 38 143 37 0 0 0 0 0 0 0 3 51 84 22 0 0 
0 0 0 30 143 87 5 0 8 6 11 22 33 33 15 7 95 51 12 1 
0 0 1 11 0 0 0 10 47 74 51 4 0 0 0 8 72 143 48 0 
3 1 2 15 66 128 30 1 23 27 45 10 9 5 2 4 9 3 0 0 
0 20 54 26 4 5 3 1 17 143 48 4 0 0 1 10 96 143 14 0 
1 3 8 7 13 51 50 4 
76.7131 64.5537 1.62022 3.00179

3 3 43 35 27 23 4 4 16 4 18 12 82 92 8 18 0 0 0 0 
144 143 1 1 0 0 0 0 11 5 0 0 9 3 0 0 12 89 19 8 
51 2 1 7 79 64 19 61 2 0 0 16 144 114 2 4 0 0 0 0 
45 7 0 0 23 31 7 6 17 29 7 3 16 7 13 124 92 15 3 9 
0 0 3 144 144 5 0 0 0 0 0 10 36 0 0 0 35 20 4 5 
15 1 0 8 0 0 1 106 144 0 0 0 0 0 0 116 133 0 0 0 
0 0 0 4 4 0 0 0 
107.544 168.682 1.63322 -0.326542

9 6 0 0 2 2 0 0 5 4 0 2 169 34 0 0 0 0 0 0 
169 80 0 0 0 0 0 0 17 5 0 0 15 3 0 0 8 7 1 4 
1 7 4 6 143 27 0 0 0 0 0 7 169 78 0 0 0 0 0 0 
47 7 0 0 20 0 0 0 14 10 0 5 0 1 1 43 138 8 0 0 
0 0 0 78 169 5 0 0 0 0 0 5 51 0 0 0 15 0 0 1 
15 2 0 3 0 0 0 63 169 6 0 0 0 0 0 122 169 2 0 0 
0 0 0 6 18 0 0 0 
52.3301 78.2008 1.63413 -0.201684

144 8 8 0 0 0 0 25 0 2 11 17 96 0 0 0 0 0 0 19 
144 2 0 0 0 0 0 14 77 0 0 0 138 9 3 5 11 4 1 29 
0 0 4 23 104 3 0 0 0 0 0 5 144 19 0 0 0 0 0 1 
106 10 0 0 115 91 7 6 5 0 0 0 1 2 1 23 95 0 0 0 
0 0 0 11 144 31 0 0 0 0 0 0 106 28 0 0 144 126 4 1 
0 0 0 0 5 12 9 31 54 0 0 0 0 0 0 20 144 25 0 0 
0 0 0 0 98 28 0 0 
83.5486 80.1891 1.63476 -0.0010578

10 35 6 5 58 30 3 2 0 0 0 16 138 45 0 0 0 0 0 31 
138 8 6 4 1 0 0 1 21 19 66 14 61 78 6 4 28 16 4 9 
7 1 0 25 138 42 1 1 10 7 4 22 138 8 6 12 41 79 12 0 
0 5 70 46 47 10 8 63 22 3 53 44 6 0 4 129 138 21 0 1 
2 4 9 20 138 23 0 0 46 66 20 4 1 0 0 31 0 1 41 124 
34 1 6 1 0 3 24 125 76 4 0 0 2 5 8 12 127 26 0 0 
54 42 22 3 8 3 1 13 
89.0838 147.166 1.66919 -2.20202

0 0 0 13 33 4 1 0 2 0 0 23 70 27 10 3 0 0 0 22 
71 123 26 1 0 0 4 21 96 76 1 0 1 15 18 36 45 0 0 0 
53 8 1 28 46 7 6 19 8 1 0 18 123 47 9 8 0 0 0 41 
123 35 0 0 0 49 102 29 14 0 0 0 69 79 25 20 20 2 0 2 
29 22 0 2 111 123 11 2 0 0 0 1 123 123 4 0 0 65 122 25 
5 0 0 0 47 123 38 1 0 0 0 0 50 113 3 3 39 37 5 1 
0 3 1 1 114 108 47 2 
194.251 116.576 1.7241 2.6541

4 0 0 1 46 70 24 9 0 0 1 36 141 75 1 0 1 3 11 44 
67 28 2 4 44 11 4 0 1 2 4 43 11 13 9 21 104 33 2 4 
0 1 6 67 141 40 0 0 9 21 24 60 69 18 2 7 62 82 6 0 
0 0 3 59 0 7 77 108 50 0 0 0 0 1 52 82 141 89 1 0 
3 12 8 19 65 105 11 1 33 74 4 0 1 4 1 2 0 0 55 141 
86 3 0 0 0 2 141 119 18 7 0 0 10 12 35 42 23 18 10 10 
7 6 0 0 1 11 36 8 
160.679 179.801 1.79197 1.19695

0 0 1 1 2 0 0 0 0 0 0 17 174 19 0 0 0 0 0 30 
174 37 0 0 0 0 0 1 9 1 0 0 0 1 2 1 1 0 0 0 
0 0 0 4 174 36 0 0 0 0 0 8 174 80 0 0 0 0 0 0 
24 4 0 0 0 3 5 1 0 0 0 0 0 0 1 30 174 2 0 0 
0 0 0 66 174 7 0 0 0 0 0 3 25 0 0 0 0 1 5 0 
0 0 0 0 0 0 3 8 170 8 0 0 0 0 0 9 174 25 0 0 
0 0 0 0 16 1 0 0 
94.1167 102.59 1.91419 -1.77182

29 2 0 0 0 35 98 37 0 0 0 3 10 87 65 23 0 0 0 10 
51 47 8 2 0 0 1 1 8 18 14 3 135 2 0 0 7 42 33 76 
2 0 0 6 135 135 22 8 0 0 0 47 114 29 0 0 0 2 11 19 
19 1 0 0 135 40 7 12 16 16 5 22 10 8 6 94 135 67 3 4 
0 0 3 104 135 3 0 0 0 4 18 30 3 0 0 0 135 44 29 20 
6 0 0 11 1 12 29 87 135 33 0 0 0 0 0 28 111 34 2 0 
4 1 2 5 4 7 3 1 
139.59 95.1513 1.92745 1.18754

8 0 0 0 0 3 68 122 10 0 0 4 22 23 30 109 0 0 4 52 
45 3 0 2 0 0 19 73 6 0 0 0 12 4 9 9 14 24 97 122 
0 0 2 24 122 74 35 8 0 0 0 43 84 30 60 3 0 0 1 22 
16 54 75 0 8 5 39 73 9 2 2 8 0 13 56 51 72 30 32 3 
4 33 28 0 11 28 122 37 0 8 3 1 19 117 122 6 0 0 32 122 
4 0 0 0 0 21 122 62 2 0 1 1 7 122 122 0 0 1 7 5 
12 94 20 8 36 23 7 1 
157.871 85.0328 1.98268 3.10102

4 152 38 12 2 7 0 0 0 45 53 152 106 0 0 0 0 0 87 152 
43 0 0 0 0 0 24 60 0 0 0 0 8 28 7 10 17 16 5 1 
1 11 9 116 152 7 0 0 0 0 0 33 137 2 0 0 0 0 0 0 
0 0 0 0 15 16 6 10 20 4 1 0 0 0 1 16 152 59 0 0 
0 0 0 1 136 34 0 0 0 0 0 0 1 0 0 0 30 16 2 3 
5 9 4 4 1 0 1 6 152 80 4 2 0 0 0 0 138 58 0 0 
0 0 0 0 3 2 0 0 
135.002 113.844 1.99679 -1.76375

0 38 76 72 6 0 0 0 0 4 17 82 108 0 0 0 19 54 8 64 
123 0 0 0 39 111 12 15 21 0 0 0 40 123 72 4 0 0 0 0 
0 28 76 54 91 1 0 0 6 32 7 23 123 8 0 0 18 123 37 17 
19 0 0 0 22 123 59 0 0 0 0 0 15 118 64 12 22 2 0 1 
4 9 8 13 123 68 2 1 0 41 22 7 31 26 5 0 44 61 6 0 
0 2 3 4 111 78 3 0 0 1 1 7 28 20 11 1 26 118 13 9 
0 0 4 1 8 101 61 0 
238.905 132.053 2.02382 -1.7515

0 0 7 128 64 0 0 0 0 0 0 101 140 20 0 0 0 0 19 87 
77 31 0 0 0 0 14 67 22 6 1 0 0 0 4 113 64 0 0 0 
0 3 11 30 95 86 1 0 0 0 0 10 140 136 0 0 0 0 0 6 
44 38 16 7 0 0 9 117 17 2 3 0 0 12 44 38 31 16 10 0 
0 0 5 34 140 49 21 2 1 0 0 0 24 18 79 137 3 0 1 14 
5 3 16 14 0 0 1 2 5 47 54 15 2 0 0 2 15 90 60 43 
34 0 0 0 0 4 54 140 
161.144 179.555 2.1834 1.19021

0 0 2 1 1 0 0 0 0 0 0 27 173 8 0 0 0 0 0 66 
178 19 0 0 0 0 0 4 15 1 0 0 0 1 4 0 1 0 0 0 
0 0 0 5 178 29 0 0 0 0 0 8 178 70 0 0 0 0 0 0 
28 5 0 0 0 4 6 0 0 0 0 0 0 0 2 22 178 2 0 0 
0 0 0 45 178 9 0 0 0 0 0 2 31 0 0 0 0 1 2 0 
0 0 0 0 0 0 1 5 150 7 0 0 0 0 0 2 178 26 0 0 
0 0 0 0 24 2 0 0 
75.492 171.676 2.23787 0.19716

21 4 0 0 8 1 2 5 6 0 0 15 142 18 0 0 0 0 0 12 
142 22 0 0 0 0 0 0 1 0 0 0 13 0 0 0 3 4 10 24 
5 0 0 2 142 142 6 8 0 0 0 2 142 142 0 0 0 0 0 0 
13 5 0 0 17 7 2 1 0 0 1 11 3 3 5 81 127 33 2 3 
0 0 0 102 142 39 0 0 0 0 0 4 25 1 0 0 9 10 2 5 
6 0 0 0 0 1 1 142 142 0 0 0 0 0 0 131 142 0 0 0 
0 0 0 2 4 0 0 0 
75.492 171.676 2.23787 0.664494

5 0 0 0 0 5 10 21 7 0 0 37 41 4 5 21 0 0 0 157 
156 0 0 0 0 0 0 84 31 0 0 0 8 2 0 0 0 1 11 23 
1 1 2 39 141 41 9 13 0 0 0 92 157 47 0 0 0 0 0 9 
25 1 0 0 8 5 10 39 0 0 0 3 1 2 29 157 61 5 0 0 
0 0 0 157 157 7 0 0 0 0 0 6 12 0 0 0 1 1 10 157 
12 0 0 0 0 0 33 157 4 0 0 0 0 0 1 81 7 0 0 0 
0 0 0 0 0 0 0 0 
177.955 102.592 2.24064 -0.203609

2 20 3 0 0 85 55 2 1 25 25 3 5 47 57 0 0 1 9 22 
103 58 16 1 0 8 29 18 34 29 0 0 2 3 0 0 0 121 126 3 
0 3 5 2 29 146 146 0 0 0 3 61 146 117 46 0 0 2 7 31 
52 57 0 0 7 14 0 0 0 3 8 0 1 5 1 6 130 40 27 0 
0 0 1 56 146 85 3 0 0 7 15 20 39 12 0 0 5 11 0 0 
0 0 0 0 1 6 2 47 63 10 0 0 0 0 0 110 146 71 0 0 
2 1 0 7 56 23 0 0 
153.238 120.353 2.26021 -1.99831

0 9 26 10 23 78 12 0 4 15 16 29 51 52 14 5 60 68 67 35 
3 1 1 13 18 30 116 121 34 1 0 0 11 119 57 32 39 1 0 0 
1 29 40 83 121 4 0 0 7 112 95 54 31 8 5 0 3 17 36 59 
47 66 32 1 8 121 31 15 60 7 0 0 1 75 39 46 121 20 0 0 
12 120 16 20 69 10 0 0 9 109 33 2 17 34 6 1 0 57 22 5 
103 44 0 0 0 65 80 65 28 3 0 0 33 17 10 45 20 0 1 8 
29 32 22 3 1 0 10 19 
147.167 116.476 2.26358 -2.13536

0 32 84 51 28 4 0 0 0 22 32 52 116 9 0 0 0 29 91 54 
73 3 0 0 1 37 32 36 14 26 8 0 0 66 57 46 116 12 0 0 
0 116 100 34 97 7 0 0 0 26 33 48 116 20 0 0 2 108 44 6 
8 3 0 0 0 8 15 19 116 78 0 0 0 78 116 27 66 35 0 0 
4 15 75 111 46 1 0 1 29 29 11 12 4 0 2 25 1 16 56 24 
61 35 0 0 1 3 12 4 57 116 32 0 4 1 15 11 1 28 83 26 
23 0 0 1 0 0 18 116 
147.167 116.476 2.26358 2.21734

21 1 0 25 66 5 2 27 0 3 7 40 64 8 10 0 1 31 57 15 
3 15 10 0 54 93 22 1 0 2 0 1 4 0 0 26 93 37 27 15 
0 0 0 12 37 36 115 74 2 2 1 2 73 107 61 11 115 19 0 0 
10 10 3 63 0 0 0 1 34 49 115 53 0 0 0 24 106 37 115 82 
0 0 0 23 115 42 36 73 18 0 0 0 13 14 40 115 19 0 0 1 
27 22 52 46 0 0 0 31 115 48 56 12 0 0 0 9 40 14 115 115 
0 0 0 0 24 43 63 86 
194.67 102.85 2.34347 -0.535079

0 1 0 0 60 73 20 1 0 0 0 2 163 163 0 0 2 2 2 2 
46 63 0 0 53 11 0 0 0 1 3 17 0 6 4 10 49 11 0 0 
0 0 0 43 163 72 0 0 2 0 0 22 161 36 0 1 87 5 0 1 
3 2 0 11 0 3 6 11 45 1 0 0 0 0 0 46 163 33 0 0 
7 0 0 18 163 15 0 5 61 2 0 0 2 0 0 42 0 0 0 7 
46 4 0 0 0 0 0 61 163 30 0 0 16 1 0 27 100 12 0 6 
69 0 0 0 0 0 0 32 
162.116 114.953 2.34632 1.98109

15 115 101 7 0 0 0 0 9 93 100 35 2 0 0 2 1 7 66 115 
18 4 1 2 0 28 99 18 1 0 0 0 14 35 56 0 0 0 14 41 
110 65 28 4 7 4 4 62 16 5 7 23 109 33 1 8 0 6 27 25 
27 7 9 0 2 0 0 0 0 35 115 109 59 5 0 2 11 56 103 58 
10 2 0 11 115 24 11 17 0 0 0 3 26 24 63 63 0 0 0 17 
78 74 115 33 0 0 0 28 62 113 61 2 0 0 0 1 39 69 55 51 
0 0 0 0 39 21 44 94 
162.116 114.953 2.34632 -1.44665

7 22 30 116 12 0 0 0 22 93 54 23 2 0 0 5 52 86 121 32 
1 0 0 6 7 15 121 121 0 0 0 0 16 27 28 113 25 0 0 0 
76 65 22 16 15 8 0 1 4 10 97 74 95 16 0 0 0 0 52 121 
17 3 9 1 27 15 31 25 1 0 3 12 85 77 2 2 12 2 1 7 
12 15 2 13 102 69 54 11 0 0 0 8 15 44 121 12 4 1 0 0 
0 2 80 29 31 15 0 0 0 2 46 100 21 3 0 4 3 23 59 90 
8 0 0 0 1 45 121 79 
92.0781 148.653 2.35846 -2.00815

0 0 0 29 19 1 6 2 0 0 7 81 35 0 0 0 0 0 94 131 
25 1 0 0 0 10 131 36 2 0 0 0 0 2 33 45 14 0 0 0 
0 0 2 51 94 24 0 0 0 0 10 73 131 41 0 0 0 17 75 48 
72 2 0 0 1 50 128 27 0 0 0 0 25 44 22 13 60 17 0 0 
1 0 0 31 131 55 1 0 1 2 2 15 92 20 27 18 10 102 79 30 
0 0 0 0 77 131 8 0 19 11 0 0 8 15 1 0 131 125 28 0 
0 0 0 0 20 47 116 48 
147.007 121.523 2.4786 -2.17806

0 0 13 18 9 28 56 2 0 1 19 17 38 98 24 0 13 33 45 27 
35 20 5 1 8 38 82 112 12 4 1 0 0 7 44 86 117 8 3 0 
0 71 107 51 77 8 0 0 0 15 55 63 117 15 0 0 1 64 64 28 
20 11 4 0 0 3 9 59 117 21 0 0 0 116 104 27 104 25 0 0 
0 48 87 61 117 18 0 0 4 53 28 28 45 4 0 0 0 11 55 43 
78 21 0 0 0 12 28 14 117 99 0 0 0 17 78 39 22 32 10 1 
21 6 8 25 5 0 7 31 
147.007 121.523 2.4786 2.06068

36 3 0 8 40 20 23 28 0 0 0 17 91 13 26 25 0 2 5 8 
18 55 70 18 67 31 2 0 8 20 4 21 1 0 0 14 65 105 47 8 
0 0 0 2 42 42 110 118 0 0 0 4 118 76 60 62 31 0 0 0 
36 25 17 118 37 2 2 13 26 21 34 45 10 0 0 4 69 47 97 85 
0 0 0 12 118 51 73 83 4 0 0 0 9 19 69 118 68 5 0 0 
17 50 9 30 44 11 0 0 22 59 33 23 2 0 0 0 16 39 118 99 
0 0 0 0 1 16 118 57 
35.6083 127.087 2.49663 -1.94775

0 0 0 103 82 1 0 0 0 0 4 125 48 3 0 0 0 0 19 125 
56 2 0 0 0 0 57 59 7 0 0 0 0 0 0 13 125 62 0 0 
0 0 0 14 125 60 0 0 0 0 0 31 125 29 0 0 0 0 6 43 
47 2 0 0 0 0 0 0 125 94 0 0 0 0 0 12 125 68 0 0 
0 0 0 80 125 5 0 0 0 0 2 72 43 0 0 0 0 0 0 0 
72 78 0 0 0 0 0 1 125 114 0 0 0 0 0 14 125 66 0 0 
0 0 0 19 54 21 0 0 
160.029 104.88 2.5443 0.967289

1 0 0 5 43 42 124 77 2 0 0 46 16 2 30 55 0 0 12 124 
22 0 1 2 0 12 85 58 7 1 4 3 7 0 0 18 124 24 6 9 
5 0 3 96 124 10 2 7 0 0 9 124 50 14 5 0 11 1 8 24 
20 8 22 44 7 3 12 50 124 30 0 2 5 11 34 66 124 34 13 1 
2 11 4 7 24 95 69 2 69 8 0 0 2 46 28 34 0 3 112 124 
49 1 0 0 16 53 72 124 7 0 1 1 31 94 19 1 1 28 17 21 
24 5 2 0 0 40 62 32 
117.354 70.8743 2.55614 -2.73483

62 0 0 0 3 2 2 56 6 0 0 30 152 6 2 12 0 0 0 23 
152 0 0 0 0 0 0 0 2 0 0 0 117 2 0 0 26 8 6 59 
2 0 0 54 152 20 4 7 0 0 0 38 152 4 0 0 0 0 0 0 
1 0 0 0 152 16 0 2 40 3 0 5 7 0 0 14 152 55 0 0 
0 0 0 4 152 33 0 0 0 0 0 0 1 0 0 0 115 3 0 4 
27 6 2 30 4 0 0 33 152 20 0 1 0 0 0 19 142 4 0 0 
0 0 0 0 1 0 0 0 
158.935 186.956 2.59293 1.18144

0 0 1 3 49 4 0 0 0 0 0 13 195 49 0 0 0 0 0 4 
109 15 0 0 0 0 0 0 0 0 0 0 0 2 5 6 47 1 0 0 
0 0 0 29 195 18 0 0 0 0 0 8 171 6 0 0 0 0 0 0 
0 0 0 0 0 1 2 4 45 1 0 0 0 0 0 7 195 29 0 0 
0 0 0 1 175 12 0 0 0 0 0 0 0 0 0 0 0 1 1 2 
31 0 0 0 0 0 0 16 195 8 0 0 0 0 0 5 152 3 0 0 
0 0 0 0 0 0 0 0 
215.934 107.79 2.6547 2.29803

0 19 152 15 0 0 0 0 0 18 152 34 1 0 0 0 0 69 152 52 
9 0 0 0 2 152 152 8 1 0 0 0 0 4 33 48 3 1 0 0 
1 0 41 47 24 2 1 2 0 10 54 75 152 14 0 0 60 152 65 17 
29 8 0 1 1 0 1 9 7 7 1 0 0 0 1 16 39 9 1 1 
0 0 0 26 152 29 0 0 90 34 1 4 65 12 0 2 1 1 0 0 
5 18 6 0 0 0 0 5 34 23 10 0 0 0 0 21 113 55 3 0 
27 16 0 4 57 12 0 0 
88.5341 176.111 2.73989 -0.120325

11 2 1 3 22 59 10 10 0 0 0 7 183 183 7 0 0 0 0 0 
92 28 0 0 0 0 0 0 0 0 0 0 8 18 4 9 40 0 0 0 
0 0 0 42 183 10 0 0 0 0 0 10 163 3 0 0 0 0 0 0 
0 0 0 0 7 31 7 5 32 0 0 0 0 1 2 15 183 20 0 0 
0 0 0 2 165 7 0 0 0 0 0 0 0 0 0 0 31 10 0 5 
23 0 0 4 0 0 0 36 183 0 0 0 0 0 0 7 124 0 0 0 
0 0 0 0 0 0 0 0 
135.725 102.692 2.77449 2.46279

3 82 41 11 4 4 1 0 37 121 37 5 3 3 1 1 5 20 64 74 
37 52 6 0 0 6 28 19 13 78 47 0 13 12 8 10 57 64 27 13 
121 43 5 5 20 17 4 72 25 3 32 49 121 55 2 11 0 59 60 17 
26 1 0 0 2 0 0 29 77 21 94 102 56 3 15 57 43 13 43 121 
8 1 18 121 121 8 0 5 0 37 13 26 50 0 0 0 0 0 0 4 
31 39 121 61 0 0 1 77 121 33 19 8 4 3 12 108 82 2 0 1 
4 4 3 7 11 10 2 1 
135.725 102.692 2.77449 -0.997814

21 9 3 1 11 6 2 12 117 51 0 0 0 0 1 43 73 73 48 113 
2 0 0 4 69 17 55 117 0 0 0 7 64 12 1 0 0 4 7 24 
117 27 0 2 16 3 4 117 28 16 13 117 117 14 3 22 89 69 37 57 
12 2 0 2 37 9 0 0 0 34 58 12 117 117 4 2 15 2 16 35 
18 39 5 11 117 103 15 10 6 25 17 2 14 53 52 10 1 5 34 1 
0 26 44 11 38 39 22 0 0 0 33 94 17 22 13 1 7 60 60 45 
0 1 0 0 0 74 102 2 
148.26 130.65 2.90974 -2.44439

3 27 88 49 0 0 0 0 0 0 123 117 3 4 0 0 0 40 123 40 
1 3 0 0 0 46 118 93 86 1 0 0 0 4 55 48 3 4 35 12 
0 0 25 62 18 61 54 1 0 16 47 34 61 60 13 0 0 17 76 111 
34 4 0 0 15 4 1 2 32 22 62 34 0 0 33 82 123 29 18 1 
0 3 85 70 118 21 0 0 0 5 40 46 101 17 0 0 36 6 0 13 
56 7 3 16 0 0 7 32 123 45 0 0 0 3 81 42 85 54 0 0 
0 1 38 63 39 11 2 1 
148.26 130.65 2.90974 -1.42754

6 3 1 2 7 50 28 31 11 52 19 2 12 52 4 0 13 121 68 3 
5 3 0 0 35 121 7 0 0 0 0 0 1 1 41 101 14 17 8 14 
0 24 58 57 45 39 0 0 5 83 37 28 84 13 0 0 88 121 8 1 
2 0 0 0 2 15 70 121 12 0 0 0 22 117 85 83 5 0 0 0 
10 42 68 102 29 0 0 0 110 114 60 6 2 0 0 1 4 27 23 112 
43 0 0 0 19 96 54 67 4 0 0 0 16 52 57 78 1 0 0 0 
10 47 83 33 21 1 0 0 
148.26 130.65 2.90974 2.7555

0 0 1 116 94 4 0 0 0 0 19 116 85 24 2 0 0 0 1 36 
103 57 16 2 0 0 2 49 22 32 18 1 0 0 0 114 116 7 3 2 
0 0 3 40 66 25 54 52 0 0 0 23 57 112 81 6 0 0 0 39 
75 74 44 0 3 0 1 34 116 19 3 7 20 0 0 1 37 33 31 73 
0 0 0 31 97 116 60 5 0 0 0 34 45 67 116 1 12 1 4 48 
43 3 1 4 69 10 4 3 6 10 16 43 5 7 6 0 2 106 77 9 
0 0 0 9 49 99 69 0 
146.346 90.1379 2.9637 -2.9841

68 55 20 6 1 0 0 0 77 50 7 19 26 0 0 0 0 6 21 150 
150 0 0 0 0 0 24 93 56 0 0 0 116 20 2 3 6 0 4 41 
120 28 8 13 66 3 0 8 1 1 2 33 150 11 0 0 0 0 0 4 
99 5 0 0 17 3 13 37 10 3 45 81 19 55 86 50 30 1 1 8 
0 9 20 34 150 61 0 0 0 0 0 0 96 46 0 0 0 4 82 85 
4 0 3 3 32 46 36 40 3 0 0 0 20 14 4 2 93 63 0 2 
0 0 0 0 112 66 0 0 
87.2402 139.485 3.09314 1.77788

1 21 45 7 1 23 85 2 11 35 7 0 8 63 125 12 0 2 0 2 
103 125 42 0 0 0 0 5 49 27 2 0 23 62 91 7 1 1 0 19 
119 99 15 1 29 8 3 44 11 5 0 5 125 71 1 4 0 0 0 0 
65 64 23 2 29 3 2 0 1 17 26 125 84 1 0 3 32 7 1 125 
5 0 0 10 125 79 15 4 0 0 0 0 30 42 106 11 9 0 0 0 
0 21 77 71 12 0 0 0 4 16 28 65 0 0 0 0 15 106 66 1 
0 0 0 0 0 23 125 5 
67.1743 172.86 3.09911 0.337188

51 7 0 5 5 0 0 6 3 2 0 101 155 0 0 0 0 0 0 72 
155 0 0 0 0 0 0 1 4 0 0 0 29 3 0 6 23 2 2 19 
1 1 0 106 155 16 0 0 0 0 0 53 155 5 0 0 0 0 0 0 
1 0 0 0 14 0 0 4 22 14 7 31 0 0 0 34 155 113 2 1 
0 0 0 11 155 38 0 0 0 0 0 0 1 0 0 0 12 6 2 47 
23 0 0 3 0 0 0 155 155 6 0 0 0 0 0 54 94 2 0 0 
0 0 0 0 0 0 0 0 
123.526 108.47 3.09955 2.10881

76 57 15 4 5 12 2 9 22 4 5 28 117 64 2 2 0 24 50 16 
55 9 0 0 0 64 72 0 0 0 0 0 57 4 0 4 21 29 30 117 
18 1 1 82 143 28 5 10 2 2 5 37 84 8 3 0 0 10 19 1 
2 9 7 0 0 0 0 0 50 76 104 112 0 0 0 17 143 103 8 2 
8 8 5 14 69 10 2 1 4 9 4 0 1 15 7 2 1 4 6 1 
32 108 102 19 0 0 1 6 143 143 19 0 0 5 8 7 28 143 41 0 
25 17 8 0 0 16 15 9 
78.783 100.701 3.10538 1.39721

25 21 72 2 0 0 16 41 2 1 61 28 66 34 35 26 0 0 107 48 
46 5 0 0 0 0 113 11 0 0 0 0 147 12 0 0 6 9 20 108 
24 0 0 17 147 66 36 45 0 0 13 37 147 5 0 0 0 0 28 7 
1 0 0 0 147 62 14 10 13 3 1 56 32 26 21 70 147 26 2 10 
0 0 0 4 147 41 1 0 0 0 1 0 1 7 9 2 38 78 60 6 
0 0 9 6 2 22 79 65 88 11 12 2 0 0 0 5 84 44 2 0 
0 0 0 0 3 8 9 9 
87.596 101.615 3.20574 1.38922

13 36 60 32 1 0 0 0 64 23 50 1 1 3 28 73 3 0 26 23 
112 45 40 31 0 0 56 33 45 2 0 0 53 13 4 6 5 3 8 32 
153 16 1 2 21 15 17 134 28 3 1 20 153 59 21 34 0 0 7 17 
107 8 0 0 56 12 3 0 0 1 12 36 153 120 42 20 17 1 0 36 
19 32 46 91 153 22 0 3 0 0 0 1 94 43 2 0 16 34 12 4 
0 0 24 18 20 68 69 5 0 0 58 29 1 13 64 37 49 30 57 8 
0 0 0 2 56 39 3 0 
91.178 118.485 3.26046 3.12558

88 51 3 7 43 3 0 6 3 2 1 7 131 31 2 2 12 2 0 0 
31 10 17 23 2 0 0 3 11 15 11 3 74 1 1 7 41 19 32 91 
8 0 0 17 131 56 5 11 45 1 0 0 35 10 50 82 5 2 0 0 
2 68 131 30 3 0 114 131 18 4 22 30 8 3 44 131 131 6 1 5 
77 67 66 6 16 1 6 39 16 73 131 6 2 21 51 24 0 0 67 101 
16 2 0 0 0 2 55 63 5 0 0 0 0 12 79 19 0 0 0 0 
0 24 112 6 0 0 0 0 
86.1211 83.9993 3.36294 -0.141234

116 7 0 4 56 15 1 41 0 0 0 3 132 39 3 0 0 0 0 0 
59 33 50 3 0 0 0 0 4 12 70 4 93 54 7 3 47 13 0 22 
5 5 1 7 132 53 5 4 46 39 6 1 26 21 106 40 11 25 26 3 
1 21 132 27 127 118 9 31 27 0 0 5 2 6 4 80 132 4 0 0 
23 67 79 30 43 0 0 2 7 87 132 11 1 2 9 6 72 132 10 9 
8 0 0 0 6 26 6 24 98 42 0 0 0 0 9 28 49 46 2 0 
8 20 19 3 1 4 3 3 
118.583 119.894 3.3813 2.83643

1 0 0 5 17 98 50 4 0 0 0 22 43 84 101 0 0 0 16 92 
44 15 33 12 0 2 24 86 15 0 0 2 14 64 20 4 21 43 13 3 
1 3 2 115 135 53 7 0 1 0 11 135 79 2 0 1 2 1 9 27 
6 3 1 3 16 135 31 17 20 0 0 0 1 37 12 41 135 63 0 0 
6 8 4 23 135 50 0 1 10 7 0 0 5 4 2 5 19 126 17 16 
10 0 0 0 30 77 9 6 108 59 0 0 4 1 0 0 126 123 4 11 
12 1 0 0 2 7 26 43 
55.6149 144.175 3.4047 -2.99725

65 19 2 16 24 4 0 2 0 0 0 20 130 16 0 0 0 0 16 32 
130 35 0 0 0 0 27 43 38 8 0 0 110 1 0 0 40 22 2 14 
0 0 0 2 130 41 0 0 0 0 0 11 130 80 0 0 0 0 0 5 
97 31 0 0 118 40 0 1 61 4 0 2 0 0 0 25 130 9 0 0 
0 0 0 53 130 13 0 0 0 0 0 16 87 15 0 0 130 111 0 0 
30 9 0 0 2 2 0 3 130 48 0 0 0 0 0 3 122 87 11 0 
0 0 0 0 19 94 22 0 
77.0996 170.233 3.49695 0.00212304

50 28 0 0 4 0 0 0 3 6 1 2 158 54 0 0 0 0 0 0 
158 56 0 0 0 0 0 0 1 1 0 0 98 15 0 0 0 0 0 18 
12 1 0 1 119 150 7 15 0 0 0 3 158 158 0 0 0 0 0 0 
22 11 0 0 63 16 1 0 0 0 1 34 19 14 3 32 105 17 1 5 
0 0 0 79 158 37 0 0 0 0 0 6 44 2 0 0 23 66 22 0 
0 0 0 1 12 23 4 34 113 0 0 0 0 0 0 64 158 0 0 0 
0 0 0 3 19 0 0 0 
77.0996 170.233 3.49695 0.447399

91 0 0 0 0 0 2 55 31 3 0 21 37 1 2 20 1 1 0 156 
156 1 0 0 0 0 0 40 51 0 0 0 36 1 0 0 0 0 13 88 
10 0 0 20 98 24 10 31 0 0 0 68 156 51 0 0 0 0 0 7 
42 3 0 0 48 23 1 4 0 0 0 12 10 4 4 156 81 3 0 4 
0 0 0 156 156 8 0 0 0 0 0 11 21 0 0 0 30 6 1 55 
10 0 0 19 1 1 1 156 106 0 0 0 0 0 0 116 41 0 0 0 
0 0 0 1 0 0 0 0 
169.813 131.034 3.54999 -2.48758

0 0 3 0 0 0 0 1 0 0 1 30 98 1 0 0 0 0 21 147 
147 0 0 0 0 21 90 77 4 0 0 0 0 3 93 9 0 0 0 0 
0 7 90 31 147 5 0 0 0 1 12 82 147 31 0 0 11 22 29 23 
30 5 2 8 0 2 147 75 3 7 3 0 0 50 147 66 37 3 0 0 
0 5 27 103 147 34 4 2 19 0 0 0 33 18 18 77 0 0 12 27 
21 29 19 0 0 8 36 49 55 17 2 0 0 8 38 40 30 26 10 2 
35 13 6 0 2 13 17 59 
156.545 135.09 3.642 2.39521

0 0 0 0 7 136 136 0 0 0 0 7 48 136 136 0 4 1 0 4 
45 119 80 13 2 2 7 14 30 30 12 3 0 0 0 9 57 26 26 0 
0 0 0 54 136 44 15 0 0 0 0 21 105 78 42 8 0 0 0 0 
29 104 55 0 0 0 1 25 74 0 0 0 0 0 0 14 136 55 3 1 
4 0 0 0 42 56 45 43 1 0 0 0 17 86 104 7 0 11 136 49 
17 0 0 0 0 17 48 47 85 17 0 0 26 9 3 5 35 15 7 13 
13 14 24 1 0 10 48 9 
130.864 94.4183 3.66396 2.05407

0 1 6 2 6 135 135 0 0 0 0 3 9 89 135 0 0 1 1 0 
0 23 135 3 0 0 0 0 0 44 135 1 7 54 75 20 20 31 17 0 
2 4 21 64 92 50 36 0 2 53 81 16 9 5 59 4 4 56 74 0 
0 10 99 7 70 41 14 2 11 20 16 31 21 3 4 31 135 36 1 5 
0 23 59 25 67 3 0 0 0 35 119 5 1 2 0 0 8 0 0 0 
17 51 85 79 2 0 0 16 135 68 13 7 1 2 2 9 60 6 3 0 
1 2 4 2 2 12 12 8 
169.954 131.433 3.68782 -2.55094

0 0 2 0 1 0 0 2 0 0 0 29 111 0 0 0 0 0 13 146 
146 0 0 0 0 6 94 84 6 0 0 0 0 1 73 12 0 0 0 0 
0 0 68 50 146 3 0 0 0 0 8 84 146 27 0 0 4 13 37 27 
43 7 1 13 0 0 138 88 3 2 0 0 0 6 146 87 32 2 0 0 
0 0 30 101 146 28 3 0 13 0 0 0 45 21 15 86 0 0 11 33 
20 25 7 0 0 1 29 55 54 12 0 0 0 2 24 64 42 10 4 0 
38 14 6 0 5 8 12 39 
131.286 118.158 3.81111 -2.36065

44 13 8 3 6 4 17 22 3 0 3 42 98 26 16 5 0 0 26 107 
76 8 0 0 0 5 32 68 35 2 0 0 120 15 35 36 13 0 0 39 
4 0 51 115 130 6 0 2 0 0 31 97 130 32 2 0 9 4 14 64 
20 12 14 19 32 11 130 130 0 0 0 8 0 27 130 130 14 0 0 0 
0 49 128 29 43 30 9 0 6 18 33 5 4 25 45 24 1 1 22 130 
13 3 3 2 1 21 57 16 0 0 2 5 3 66 68 1 0 0 0 2 
17 40 52 3 0 0 0 10 
131.286 118.158 3.81111 2.50195

0 0 0 4 45 85 30 0 4 9 4 6 33 85 20 7 48 34 5 11 
16 8 8 35 2 7 15 52 43 5 0 2 0 0 0 0 34 107 64 10 
0 0 0 0 51 112 129 11 7 0 0 64 91 30 56 34 0 4 5 101 
55 0 0 0 19 11 9 0 2 44 80 22 0 5 5 3 98 129 129 0 
0 0 0 77 129 67 9 0 1 3 0 42 38 4 0 1 9 31 68 18 
14 4 3 1 0 67 95 14 80 43 4 0 0 4 11 13 129 129 0 0 
5 5 0 2 26 74 4 7 
199.419 122.17 3.82752 2.546

0 0 1 1 4 28 5 0 0 0 2 14 28 8 0 0 8 6 7 49 
78 0 0 0 129 55 5 7 9 0 0 3 0 0 0 0 2 100 20 0 
0 0 0 4 52 76 12 0 13 3 0 19 129 21 0 0 129 52 0 3 
13 0 0 1 0 0 0 0 9 129 21 0 0 0 0 31 129 86 3 0 
3 4 2 80 129 7 0 0 123 114 2 6 10 0 0 0 0 0 0 0 
5 129 16 0 0 0 0 5 108 129 19 0 0 1 2 26 72 129 71 0 
33 37 1 2 0 21 44 6 
88.5207 177.679 3.9242 -0.161479

10 3 0 0 76 125 3 3 0 0 0 0 129 177 0 0 0 0 0 0 
25 25 0 0 0 0 0 0 0 0 0 0 37 12 1 3 47 36 3 5 
0 0 0 4 177 121 0 0 0 0 0 0 130 18 0 0 0 0 0 0 
0 0 0 0 16 62 13 7 42 0 0 0 0 2 1 11 177 14 0 0 
0 0 0 0 163 7 0 0 0 0 0 0 0 0 0 0 78 35 4 7 
29 0 0 13 4 1 0 55 177 0 0 0 0 0 0 11 118 0 0 0 
0 0 0 0 0 0 0 0 
65.7784 173.716 3.94942 0.303993

87 2 0 3 8 0 0 15 8 1 0 50 160 15 0 1 0 0 0 25 
160 9 0 0 0 0 0 0 2 0 0 0 83 3 0 7 23 2 0 20 
3 1 0 96 160 15 0 0 0 0 0 42 160 4 0 0 0 0 0 0 
1 0 0 0 38 1 0 6 25 11 3 44 0 0 0 46 160 79 1 2 
0 0 0 14 160 23 0 0 0 0 0 0 1 0 0 0 22 13 4 49 
30 0 0 4 0 0 0 160 160 2 0 0 0 0 0 44 71 0 0 0 
0 0 0 0 0 0 0 0 
77.773 169.501 4.08093 0.0215401

78 33 0 1 3 0 0 0 8 6 0 3 148 44 0 0 0 0 0 0 
148 49 0 0 0 0 0 0 3 1 0 0 129 18 0 0 0 0 1 26 
23 1 0 2 132 120 5 10 0 0 0 4 148 148 0 0 0 0 0 0 
21 7 0 0 53 31 8 0 0 0 6 42 21 17 4 39 130 12 1 4 
0 0 0 76 148 22 0 0 0 0 0 4 33 1 0 0 43 82 22 0 
0 0 0 7 23 21 2 51 126 0 0 2 0 0 0 72 148 0 0 0 
0 0 0 2 13 0 0 0 
77.773 169.501 4.08093 0.262719

131 6 0 0 0 0 0 12 36 4 1 25 105 4 0 5 0 0 0 58 
143 7 0 0 0 0 0 4 23 0 0 0 81 0 0 0 0 0 12 82 
24 0 0 12 127 42 4 24 0 0 0 25 143 80 0 0 0 0 0 1 
30 4 0 0 41 55 3 0 0 0 4 21 16 8 5 123 121 4 0 4 
0 0 0 143 143 7 0 0 0 0 0 8 21 0 0 0 61 28 1 13 
5 0 0 36 7 2 2 143 139 0 0 1 0 0 0 104 102 0 0 0 
0 0 0 1 2 0 0 0 
188.129 243.563 4.12772 1.31066

1 0 0 0 1 1 1 3 3 0 0 11 154 2 0 3 0 0 0 46 
221 1 0 0 0 0 0 4 60 0 0 0 0 1 0 0 0 1 12 6 
0 0 0 2 218 13 5 6 0 0 0 9 221 15 0 0 0 0 0 0 
73 2 0 0 3 3 0 0 0 0 6 3 2 1 0 4 168 7 1 1 
0 0 0 12 221 13 0 0 0 0 0 0 40 1 0 0 0 0 0 0 
0 0 2 0 0 0 0 0 6 0 0 0 0 0 0 0 8 0 0 0 
0 0 0 0 0 0 0 0 
28.0322 84.0918 4.35302 2.4264

52 106 0 0 0 0 0 0 63 70 0 0 69 76 1 0 0 0 0 0 
135 99 0 0 0 0 0 0 7 3 0 0 76 35 0 0 0 0 0 27 
135 54 0 0 72 14 0 19 10 2 0 3 135 54 0 0 0 0 0 0 
25 4 0 0 18 0 0 0 0 0 19 135 80 0 0 21 76 2 10 123 
6 0 0 72 135 4 0 2 0 0 0 4 24 0 0 0 0 0 0 2 
2 0 30 133 0 0 0 98 107 2 14 42 0 0 0 106 135 0 0 0 
0 0 0 3 5 0 0 0 
147.894 91.5718 4.58504 -3.09133

59 30 4 5 22 29 10 21 59 139 68 21 3 0 0 2 0 26 139 139 
26 0 0 0 0 0 139 139 3 0 0 0 12 25 10 19 73 10 1 2 
62 90 18 26 39 0 0 3 2 5 15 129 139 13 0 0 0 0 8 41 
47 6 0 0 6 0 4 16 62 57 19 10 36 14 40 40 20 2 8 16 
1 3 16 24 139 62 0 0 0 0 0 0 65 46 0 0 0 0 36 118 
26 12 2 0 14 16 63 48 0 0 0 0 28 12 9 3 54 51 1 3 
0 0 0 0 84 62 0 0 
122.44 129.58 4.80983 2.76544

1 2 5 40 82 19 12 3 0 0 0 1 35 126 36 3 2 0 0 11 
48 125 40 6 5 3 6 73 17 5 8 8 33 32 17 19 15 4 5 5 
8 46 38 9 38 76 32 6 0 3 4 81 126 79 13 0 0 1 3 106 
57 3 0 0 93 21 11 31 81 4 0 1 1 110 114 60 65 0 0 0 
2 42 31 37 126 71 0 0 1 0 0 9 73 57 15 16 109 6 0 15 
113 20 1 2 16 37 20 29 88 38 37 15 41 36 8 7 57 66 14 36 
9 5 4 9 67 81 12 20 
112.501 78.2301 4.93938 -2.69144

2 7 111 38 2 0 0 0 39 29 74 8 9 1 0 13 7 5 8 29 
150 4 0 4 0 0 0 5 67 0 0 0 22 4 6 6 11 28 8 3 
150 5 1 1 32 4 2 46 14 0 0 26 150 7 1 11 0 0 0 9 
65 0 0 0 13 6 6 3 26 150 32 24 116 0 0 0 56 19 24 113 
10 0 0 16 150 11 2 7 0 0 0 5 55 0 0 0 40 42 27 8 
17 24 8 62 20 0 0 21 104 25 34 150 0 0 0 62 150 15 5 3 
0 0 0 7 25 0 0 0 
209.808 98.7509 5.15821 -0.400562

23 0 0 3 10 10 19 119 0 0 0 24 141 81 12 2 51 1 0 6 
126 25 2 42 117 41 0 0 0 0 0 39 1 0 0 9 38 6 1 17 
0 0 0 62 141 48 3 1 60 1 0 15 112 24 13 63 59 40 0 0 
0 0 0 19 0 0 1 7 15 9 2 3 0 0 0 1 107 141 36 2 
6 0 0 0 18 141 141 33 6 3 0 0 1 38 51 13 0 0 0 0 
0 1 5 4 1 1 1 0 1 43 12 3 0 0 0 0 1 127 75 0 
0 0 0 0 1 119 93 0 
47.558 74.7229 6.11523 2.9129

24 29 61 12 1 4 10 3 91 42 3 4 69 20 2 6 1 0 0 5 
140 38 0 0 0 0 0 0 15 1 0 0 72 28 20 2 1 0 0 3 
140 25 0 1 63 25 1 14 10 0 0 6 140 73 0 3 0 0 0 0 
29 4 0 0 41 1 0 0 1 5 73 82 140 1 0 38 72 2 11 104 
9 0 0 101 140 7 0 2 0 0 0 5 26 0 0 0 0 0 4 29 
5 5 140 57 7 0 1 140 68 3 31 48 0 0 0 133 93 0 0 0 
0 0 0 3 4 0 0 0 
47.558 74.7229 6.11523 2.9129

24 29 61 12 1 4 10 3 91 42 3 4 69 20 2 6 1 0 0 5 
140 38 0 0 0 0 0 0 15 1 0 0 72 28 20 2 1 0 0 3 
140 25 0 1 63 25 1 14 10 0 0 6 140 73 0 3 0 0 0 0 
29 4 0 0 41 1 0 0 1 5 73 82 140 1 0 38 72 2 11 104 
9 0 0 101 140 7 0 2 0 0 0 5 26 0 0 0 0 0 4 29 
5 5 140 57 7 0 1 140 68 3 31 48 0 0 0 133 93 0 0 0 
0 0 0 3 4 0 0 0 
103.83 143.657 6.26412 2.68834

59 124 49 9 5 0 0 0 8 16 32 15 14 23 11 1 0 3 17 24 
124 52 5 0 0 3 2 30 56 10 5 1 124 95 0 1 7 0 0 0 
43 21 41 45 88 13 2 1 10 23 47 24 91 49 6 10 2 2 3 3 
52 72 23 18 124 71 0 0 2 1 0 0 88 22 0 3 50 84 45 7 
9 4 1 41 60 45 56 30 1 2 12 83 81 22 2 3 124 104 0 0 
0 0 0 0 104 124 3 0 17 23 10 3 0 7 1 24 108 90 5 0 
0 0 0 27 53 81 0 0 
100.408 90.8933 6.28034 -1.87728

16 119 66 13 1 3 1 2 5 13 108 85 24 17 4 4 3 79 119 23 
6 1 0 0 6 59 45 38 5 1 2 3 119 46 6 2 2 3 3 14 
40 13 4 18 119 40 11 11 8 16 3 6 31 6 21 60 20 39 17 45 
1 0 8 25 50 11 1 1 0 0 104 90 19 9 4 25 42 40 114 37 
0 0 5 119 20 18 62 48 0 0 19 119 2 0 4 7 0 1 119 48 
1 2 72 27 0 0 119 119 10 8 34 12 0 0 37 119 10 4 3 0 
0 0 6 56 0 0 0 0 
80.4549 70.8923 7.1605 -3.13843

17 13 10 24 14 15 25 3 56 21 1 0 50 76 8 14 0 0 0 0 
88 95 1 1 0 0 0 0 2 1 0 0 12 31 61 7 8 38 66 16 
102 15 11 5 53 64 31 77 7 0 0 10 140 124 5 9 0 0 0 0 
19 4 0 0 54 45 78 7 4 1 0 6 140 32 12 23 97 10 0 40 
11 1 0 80 140 14 0 3 0 0 0 4 19 0 0 0 51 1 0 0 
4 12 69 67 140 0 0 59 118 6 6 112 2 0 0 74 140 4 0 2 
0 0 0 1 6 0 0 0 
183.154 119.948 9.63033 -3.00898

3 1 0 0 57 42 0 1 6 4 1 6 120 81 1 1 64 112 7 8 
12 4 0 2 52 53 0 0 0 0 0 1 5 16 3 1 65 17 1 5 
4 0 1 43 129 27 0 2 129 31 10 29 33 1 0 73 99 20 37 23 
0 0 0 38 15 129 49 26 33 2 0 0 7 5 10 60 129 21 0 3 
98 53 56 34 42 7 1 30 16 14 129 129 3 0 0 7 106 81 16 10 
5 0 0 20 3 7 11 56 119 4 0 0 0 8 25 64 58 2 0 0 
0 0 24 67 53 6 0 0 
49.207 155.456 9.93252 0.387841

5 55 40 7 0 3 64 53 3 41 9 0 41 124 39 7 0 0 0 0 
75 89 0 0 0 0 0 0 3 1 0 0 42 84 47 24 8 6 5 13 
131 94 9 1 69 48 1 21 6 0 0 5 132 105 0 1 0 0 0 0 
27 5 0 0 40 3 0 0 3 14 47 98 118 2 0 20 93 2 7 119 
4 0 0 66 132 6 0 3 0 0 0 5 29 0 0 0 34 3 0 2 
1 3 26 78 31 10 5 132 64 0 4 27 0 0 0 130 132 0 0 0 
0 0 0 3 7 0 0 0 
112.194 108.408 10.2822 2.72936

8 9 7 9 106 118 1 0 12 35 42 67 68 47 1 0 0 0 3 75 
105 76 0 0 0 0 0 3 3 34 0 0 17 74 58 32 81 54 0 0 
0 0 4 40 118 86 1 0 10 5 5 24 44 78 16 12 3 0 0 0 
7 118 21 5 118 78 14 26 17 14 4 2 0 0 5 50 118 64 8 1 
19 20 28 23 32 24 23 26 26 29 5 0 57 97 12 12 118 113 0 0 
12 18 6 3 6 17 1 24 118 90 4 0 18 18 25 34 46 42 24 14 
72 29 4 3 51 18 9 27 
182.535 88.5588 10.7146 2.07603

0 0 9 0 0 0 0 1 0 2 7 3 76 1 0 1 0 0 0 1 
151 12 0 0 0 0 0 0 53 1 0 0 0 17 144 34 1 0 0 0 
2 118 84 17 66 0 0 0 0 9 5 16 151 24 1 0 0 0 0 0 
61 18 12 0 0 12 42 20 9 56 65 4 3 151 62 19 19 52 36 0 
0 27 39 51 151 61 14 0 0 0 0 1 26 61 62 0 0 1 1 0 
0 55 110 1 0 4 5 10 11 139 125 0 0 2 6 9 18 107 62 0 
2 1 1 3 29 67 14 3 
82.0289 161.322 11.0533 0.019068

15 63 98 20 6 6 11 20 51 70 22 0 41 134 10 1 2 0 0 0 
124 134 0 0 0 0 0 0 6 3 0 0 43 22 12 11 19 17 28 45 
134 39 1 3 57 27 2 64 13 2 0 11 134 100 0 2 0 0 0 0 
32 6 0 0 68 13 10 5 2 4 15 62 84 28 2 32 54 4 16 65 
5 5 1 115 134 7 0 1 0 0 0 7 31 0 0 0 90 7 0 0 
0 1 9 65 49 4 0 14 84 56 30 40 0 0 0 45 134 112 28 0 
0 0 0 2 5 21 16 0 
142.44 176.938 11.1227 1.05889

2 0 9 24 18 22 35 58 0 0 1 7 6 19 87 76 7 1 29 18 
4 24 55 35 4 1 38 97 1 1 31 36 3 0 4 4 10 8 65 144 
0 0 16 101 144 30 43 32 1 0 144 144 37 5 1 1 0 0 109 110 
0 0 0 0 6 0 6 7 25 2 5 58 0 0 2 27 144 36 1 1 
0 0 14 28 142 15 0 0 0 0 6 4 0 0 0 0 0 0 2 6 
11 1 0 1 0 0 0 1 144 55 0 0 0 0 0 0 144 35 0 0 
0 0 0 0 0 0 0 0 
58.2138 113.071 14.6929 2.89779

86 128 68 17 33 1 0 0 5 6 6 46 128 9 1 0 0 0 0 10 
74 106 10 0 0 0 0 0 29 52 0 0 128 89 1 4 27 2 0 2 
20 16 4 38 128 34 9 3 20 14 3 11 83 52 21 15 0 0 0 4 
128 41 0 0 98 128 5 1 5 1 0 0 13 128 24 4 49 78 46 3 
5 6 3 41 128 41 63 18 0 0 0 39 126 2 0 0 6 75 3 0 
0 0 0 0 3 119 16 1 1 1 1 0 0 7 3 12 32 2 1 0 
0 0 0 4 11 0 0 0 
138.841 184.518 15.5758 1.02738

0 0 0 10 12 74 88 24 3 0 2 5 3 6 125 47 6 1 18 41 
4 4 79 47 6 0 3 127 49 0 5 14 1 0 1 18 21 17 64 135 
0 0 18 100 139 28 64 33 0 0 125 139 24 1 7 2 0 0 25 128 
5 0 0 0 15 0 0 0 49 9 11 103 0 0 1 27 139 63 4 4 
0 0 15 38 116 20 0 0 0 0 3 6 0 0 0 0 1 0 0 0 
19 9 0 7 0 0 0 0 139 96 0 0 0 0 0 0 56 30 0 0 
0 0 0 0 0 0 0 0 
179.365 163.187 19.4368 1.09785

0 0 0 13 20 140 38 0 0 0 0 7 20 140 115 18 4 0 0 1 
0 10 121 62 16 1 2 26 7 1 43 35 0 0 1 75 28 15 3 14 
0 0 0 34 49 52 104 99 0 0 21 97 122 34 110 20 0 0 77 140 
13 1 17 4 0 0 0 4 0 0 3 39 2 0 0 1 87 20 27 129 
0 0 5 54 140 55 7 4 0 0 22 50 57 7 0 0 0 0 0 0 
0 0 0 1 0 0 0 0 33 17 1 4 0 0 0 0 137 59 0 0 
0 0 0 0 15 6 0 0 
